punkt0: 57.959999999999994, 47.280000000000044
punkt1: 82.15999999999997, 20.43999999999999
punkt2: 100.27999999999989, 51.60000000000008
punkt3: 136.51999999999992, 32.88000000000001
punkt4: 141.91999999999967, 67.75999999999996
punkt5: 76.0, 103.0
