punkt0: 80.36000000000006, 83.12000000000002
punkt1: 98.0, 83.0
punkt2: 93.29999999999997, 96.67999999999995
punkt3: 110.0, 101.0
punkt4: 105.0, 112.0
punkt5: 73.25, 103.44000000000007
