punkt0: 3.6800000000000015, 70.71999999999996
punkt1: 20.699999999999985, 29.10000000000003
punkt2: 48.279999999999994, 46.979999999999976
punkt3: 71.41999999999992, 24.38
punkt4: 101.32000000000004, 55.14000000000002
punkt5: 65.44000000000001, 117.90000000000002
