punkt0: 61.88000000000003, 76.96000000000006
punkt1: 98.0, 83.0
punkt2: 116.39999999999995, 87.43999999999997
punkt3: 110.0, 101.0
punkt4: 105.0, 112.0
punkt5: 54.0, 106.52000000000001
