punkt0: 103.59000000000006, 57.130000000000024
punkt1: 141.04000000000002, 48.480000000000025
punkt2: 127.68000000000004, 82.69999999999996
punkt3: 173.12, 83.05000000000004
punkt4: 153.3299999999999, 109.93000000000004
punkt5: 76.0, 103.0
