punkt0: 66.92000000000007, 78.64000000000011
punkt1: 98.0, 83.0
punkt2: 110.09999999999987, 89.95999999999991
punkt3: 110.0, 101.0
punkt4: 105.0, 112.0
punkt5: 59.25, 105.68000000000004
