punkt0: 97.39000000000016, 53.73000000000006
punkt1: 133.84000000000003, 42.08000000000002
punkt2: 125.28000000000009, 76.69999999999987
punkt3: 171.52000000000004, 74.0500000000001
punkt4: 153.92999999999992, 102.53000000000009
punkt5: 76.0, 103.0
