punkt0: 79.10000000000002, 43.70000000000002
punkt1: 112.6, 23.200000000000003
punkt2: 118.20000000000005, 58.99999999999997
punkt3: 166.80000000000013, 47.50000000000003
punkt4: 155.7, 80.70000000000005
punkt5: 76.0, 103.0
