punkt0: 105.08000000000004, 61.0
punkt1: 141.24, 54.48000000000002
punkt2: 125.88000000000002, 86.96000000000004
punkt3: 168.88000000000005, 89.03999999999996
punkt4: 149.16000000000008, 113.84000000000003
punkt5: 76.0, 103.0
