punkt0: 65.74999999999999, 45.00000000000003
punkt1: 93.74999999999996, 20.249999999999993
punkt2: 107.49999999999994, 53.50000000000006
punkt3: 149.24999999999994, 37.249999999999986
punkt4: 147.99999999999983, 71.74999999999997
punkt5: 76.0, 103.0
