punkt0: 80.34000000000003, 44.380000000000024
punkt1: 114.03999999999999, 24.480000000000004
punkt2: 118.68000000000006, 60.19999999999996
punkt3: 167.12000000000015, 49.30000000000004
punkt4: 155.57999999999998, 82.18000000000006
punkt5: 76.0, 103.0
