punkt0: 102.97000000000006, 56.79000000000002
punkt1: 140.32, 47.840000000000025
punkt2: 127.44000000000003, 82.09999999999994
punkt3: 172.96000000000004, 82.15000000000006
punkt4: 153.3899999999999, 109.19000000000003
punkt5: 76.0, 103.0
