punkt0: 87.56000000000003, 79.25
punkt1: 106.93000000000009, 77.1100000000001
punkt2: 97.40999999999998, 95.72000000000006
punkt3: 122.16, 98.52999999999994
punkt4: 114.12000000000008, 112.38000000000005
punkt5: 76.0, 103.0
