punkt0: 100.8000000000001, 55.60000000000004
punkt1: 137.8, 45.60000000000002
punkt2: 126.60000000000005, 79.99999999999991
punkt3: 172.40000000000003, 79.00000000000009
punkt4: 153.5999999999999, 106.60000000000005
punkt5: 76.0, 103.0
