punkt0: 69.8000000000001, 79.6000000000001
punkt1: 98.0, 83.0
punkt2: 106.49999999999984, 91.39999999999989
punkt3: 110.0, 101.0
punkt4: 105.0, 112.0
punkt5: 62.25, 105.20000000000005
