punkt0: 95.22000000000014, 52.54000000000007
punkt1: 131.32000000000002, 39.84000000000002
punkt2: 124.4400000000001, 74.59999999999985
punkt3: 170.96000000000006, 70.90000000000008
punkt4: 154.13999999999993, 99.9400000000001
punkt5: 76.0, 103.0
