punkt0: 92.84000000000009, 73.75
punkt1: 117.27000000000007, 70.29000000000012
punkt2: 105.99, 93.0800000000001
punkt3: 136.24, 95.6699999999999
punkt4: 124.68000000000016, 112.82000000000014
punkt5: 76.0, 103.0
