punkt0: 30.71, 56.20999999999998
punkt1: 44.36000000000003, 21.78000000000001
punkt2: 74.97000000000006, 46.0
punkt3: 95.36000000000007, 20.26000000000002
punkt4: 121.26999999999998, 55.869999999999976
punkt5: 74.69999999999999, 105.20999999999992
