punkt0: 84.20000000000002, 82.75
punkt1: 100.35000000000002, 81.45000000000002
punkt2: 91.94999999999997, 97.4
punkt3: 113.19999999999999, 100.35
punkt4: 107.40000000000002, 112.10000000000002
punkt5: 76.0, 103.0
