punkt0: 72.92000000000012, 80.64000000000007
punkt1: 98.0, 83.0
punkt2: 102.59999999999988, 92.95999999999985
punkt3: 110.0, 101.0
punkt4: 105.0, 112.0
punkt5: 65.5, 104.68000000000005
