punkt0: 5.9600000000000035, 70.33999999999989
punkt1: 21.649999999999963, 31.95000000000007
punkt2: 48.65999999999998, 48.30999999999998
punkt3: 71.98999999999992, 27.609999999999978
punkt4: 99.04000000000008, 55.330000000000055
punkt5: 64.68000000000004, 115.05000000000004
