punkt0: 8.000000000000005, 69.99999999999984
punkt1: 22.499999999999964, 34.50000000000007
punkt2: 48.99999999999998, 49.499999999999986
punkt3: 72.49999999999994, 30.499999999999947
punkt4: 97.00000000000013, 55.50000000000008
punkt5: 63.99999999999996, 112.50000000000007
