punkt0: 88.04000000000005, 78.75
punkt1: 107.87000000000009, 76.4900000000001
punkt2: 98.18999999999998, 95.48000000000005
punkt3: 123.44, 98.26999999999995
punkt4: 115.08000000000008, 112.42000000000007
punkt5: 76.0, 103.0
