punkt0: 60.20000000000002, 76.40000000000003
punkt1: 98.0, 83.0
punkt2: 118.49999999999997, 86.6
punkt3: 110.0, 101.0
punkt4: 105.0, 112.0
punkt5: 52.25, 106.80000000000001
