punkt0: 104.52000000000004, 57.640000000000015
punkt1: 142.12, 49.440000000000026
punkt2: 128.04000000000002, 83.59999999999997
punkt3: 173.36, 84.40000000000003
punkt4: 153.2399999999999, 111.04000000000002
punkt5: 76.0, 103.0
