punkt0: 73.94999999999999, 42.60000000000001
punkt1: 105.94999999999996, 20.049999999999997
punkt2: 115.1, 55.500000000000014
punkt3: 162.64999999999998, 41.849999999999994
punkt4: 154.39999999999998, 75.94999999999999
punkt5: 76.0, 103.0
