punkt0: 93.67000000000013, 51.69000000000008
punkt1: 129.52000000000004, 38.240000000000016
punkt2: 123.84000000000012, 73.09999999999987
punkt3: 170.56000000000006, 68.65000000000006
punkt4: 154.28999999999994, 98.09000000000012
punkt5: 76.0, 103.0
