punkt0: 76.93, 42.510000000000005
punkt1: 110.08, 20.96
punkt2: 117.36000000000001, 56.89999999999999
punkt3: 166.24000000000004, 44.35000000000001
punkt4: 155.91, 78.11000000000001
punkt5: 76.0, 103.0
