punkt0: 101.96000000000011, 64.25
punkt1: 135.13000000000002, 58.51000000000005
punkt2: 120.81000000000002, 88.5200000000001
punkt3: 160.56000000000006, 90.7299999999999
punkt4: 142.92000000000021, 113.58000000000008
punkt5: 76.0, 103.0
