punkt0: 7.160000000000005, 70.13999999999987
punkt1: 22.14999999999996, 33.45000000000008
punkt2: 48.859999999999985, 49.009999999999984
punkt3: 72.28999999999994, 29.30999999999996
punkt4: 97.84000000000012, 55.430000000000064
punkt5: 64.28, 113.55000000000007
