punkt0: 73.16000000000011, 80.72000000000007
punkt1: 98.0, 83.0
punkt2: 102.29999999999988, 93.07999999999984
punkt3: 110.0, 101.0
punkt4: 105.0, 112.0
punkt5: 65.75, 104.64000000000004
