punkt0: 23.119999999999997, 60.11999999999993
punkt1: 37.92000000000006, 23.160000000000018
punkt2: 67.84000000000009, 46.0
punkt3: 88.92000000000007, 20.720000000000027
punkt4: 116.43999999999997, 55.639999999999944
punkt5: 72.39999999999995, 109.11999999999989
