punkt0: 64.92999999999999, 45.24000000000002
punkt1: 92.52999999999996, 20.269999999999996
punkt2: 106.73999999999992, 53.300000000000054
punkt3: 147.90999999999997, 36.78999999999999
punkt4: 147.3599999999998, 71.32999999999998
punkt5: 76.0, 103.0
