punkt0: 61.40000000000003, 76.80000000000005
punkt1: 98.0, 83.0
punkt2: 116.99999999999996, 87.19999999999997
punkt3: 110.0, 101.0
punkt4: 105.0, 112.0
punkt5: 53.5, 106.60000000000001
