punkt0: 74.35999999999999, 42.480000000000004
punkt1: 106.55999999999997, 20.04
punkt2: 115.47999999999999, 55.60000000000001
punkt3: 163.32, 42.08
punkt4: 154.71999999999997, 76.16
punkt5: 76.0, 103.0
