punkt0: 70.2800000000001, 79.76000000000009
punkt1: 98.0, 83.0
punkt2: 105.89999999999985, 91.63999999999987
punkt3: 110.0, 101.0
punkt4: 105.0, 112.0
punkt5: 62.75, 105.12000000000003
