punkt0: 104.60000000000005, 61.5
punkt1: 140.3, 55.10000000000002
punkt2: 125.10000000000002, 87.20000000000005
punkt3: 167.60000000000005, 89.29999999999995
punkt4: 148.2000000000001, 113.80000000000004
punkt5: 76.0, 103.0
