punkt0: 22.459999999999997, 60.45999999999993
punkt1: 37.360000000000056, 23.28000000000002
punkt2: 67.22000000000008, 46.0
punkt3: 88.36000000000007, 20.760000000000026
punkt4: 116.01999999999997, 55.61999999999994
punkt5: 72.19999999999995, 109.4599999999999
