punkt0: 28.4, 57.39999999999996
punkt1: 42.40000000000005, 22.20000000000001
punkt2: 72.8000000000001, 46.0
punkt3: 93.40000000000009, 20.400000000000027
punkt4: 119.79999999999998, 55.79999999999997
punkt5: 73.99999999999997, 106.39999999999989
