punkt0: 72.44000000000011, 80.48000000000008
punkt1: 98.0, 83.0
punkt2: 103.19999999999987, 92.71999999999986
punkt3: 110.0, 101.0
punkt4: 105.0, 112.0
punkt5: 65.0, 104.76000000000005
