punkt0: 12.890000000000002, 65.38999999999994
punkt1: 29.240000000000038, 25.02000000000003
punkt2: 58.230000000000075, 46.0
punkt3: 80.24000000000004, 21.340000000000014
punkt4: 109.92999999999995, 55.329999999999934
punkt5: 69.2999999999999, 114.38999999999994
