punkt0: 61.64000000000003, 76.88000000000005
punkt1: 98.0, 83.0
punkt2: 116.69999999999996, 87.31999999999996
punkt3: 110.0, 101.0
punkt4: 105.0, 112.0
punkt5: 53.75, 106.56
