punkt0: 85.61000000000007, 47.27000000000005
punkt1: 120.15999999999998, 29.92000000000001
punkt2: 120.72000000000014, 65.29999999999994
punkt3: 168.48000000000013, 56.950000000000045
punkt4: 155.06999999999996, 88.47000000000014
punkt5: 76.0, 103.0
