punkt0: 52.629999999999995, 48.84000000000006
punkt1: 74.22999999999998, 20.569999999999986
punkt2: 95.33999999999986, 50.30000000000006
punkt3: 127.81000000000007, 29.89000000000002
punkt4: 137.75999999999976, 65.03
punkt5: 76.0, 103.0
