punkt0: 68.36000000000008, 79.1200000000001
punkt1: 98.0, 83.0
punkt2: 108.29999999999984, 90.6799999999999
punkt3: 110.0, 101.0
punkt4: 105.0, 112.0
punkt5: 60.75, 105.44000000000003
