punkt0: 88.28000000000004, 78.5
punkt1: 108.34000000000009, 76.1800000000001
punkt2: 98.57999999999998, 95.36000000000006
punkt3: 124.08, 98.13999999999994
punkt4: 115.56000000000009, 112.44000000000007
punkt5: 76.0, 103.0
