punkt0: 8.930000000000001, 67.42999999999996
punkt1: 25.880000000000024, 25.740000000000027
punkt2: 54.51000000000005, 46.0
punkt3: 76.88000000000002, 21.58000000000001
punkt4: 107.40999999999994, 55.20999999999996
punkt5: 68.09999999999988, 116.42999999999996
