punkt0: 77.55000000000001, 42.85000000000001
punkt1: 110.8, 21.6
punkt2: 117.60000000000002, 57.499999999999986
punkt3: 166.40000000000006, 45.250000000000014
punkt4: 155.85, 78.85000000000002
punkt5: 76.0, 103.0
