punkt0: 99.80000000000014, 66.5
punkt1: 130.90000000000003, 61.30000000000007
punkt2: 117.30000000000001, 89.60000000000014
punkt3: 154.80000000000004, 91.89999999999986
punkt4: 138.60000000000028, 113.40000000000012
punkt5: 76.0, 103.0
