punkt0: 43.19999999999999, 51.60000000000005
punkt1: 60.19999999999999, 20.799999999999983
punkt2: 86.59999999999991, 48.00000000000003
punkt3: 112.40000000000003, 24.60000000000001
punkt4: 130.39999999999992, 60.20000000000002
punkt5: 76.0, 103.0
