punkt0: 62.60000000000004, 77.20000000000007
punkt1: 98.0, 83.0
punkt2: 115.49999999999994, 87.79999999999995
punkt3: 110.0, 101.0
punkt4: 105.0, 112.0
punkt5: 54.75, 106.4
