punkt0: 12.560000000000002, 65.55999999999995
punkt1: 28.960000000000036, 25.080000000000034
punkt2: 57.92000000000007, 46.0
punkt3: 79.96000000000004, 21.360000000000014
punkt4: 109.71999999999994, 55.319999999999936
punkt5: 69.1999999999999, 114.55999999999995
