punkt0: 4.040000000000002, 70.65999999999994
punkt1: 20.84999999999998, 29.550000000000036
punkt2: 48.33999999999999, 47.189999999999976
punkt3: 71.5099999999999, 24.89
punkt4: 100.96000000000004, 55.17000000000003
punkt5: 65.32000000000002, 117.45000000000002
