punkt0: 6.620000000000001, 68.61999999999998
punkt1: 23.920000000000016, 26.160000000000018
punkt2: 52.34000000000003, 46.0
punkt3: 74.92000000000002, 21.720000000000006
punkt4: 105.93999999999993, 55.13999999999997
punkt5: 67.39999999999992, 117.61999999999998
