punkt0: 80.60000000000005, 83.20000000000002
punkt1: 98.0, 83.0
punkt2: 92.99999999999997, 96.79999999999995
punkt3: 110.0, 101.0
punkt4: 105.0, 112.0
punkt5: 73.5, 103.40000000000006
