punkt0: 101.48000000000012, 64.75
punkt1: 134.19000000000003, 59.13000000000005
punkt2: 120.03000000000002, 88.7600000000001
punkt3: 159.28000000000003, 90.9899999999999
punkt4: 141.96000000000024, 113.54000000000009
punkt5: 76.0, 103.0
