punkt0: 84.37000000000006, 46.590000000000046
punkt1: 118.71999999999998, 28.640000000000008
punkt2: 120.24000000000012, 64.09999999999995
punkt3: 168.16000000000014, 55.150000000000055
punkt4: 155.18999999999997, 86.99000000000012
punkt5: 76.0, 103.0
