punkt0: 96.2000000000001, 70.25
punkt1: 123.85000000000005, 65.95000000000009
punkt2: 111.45, 91.40000000000015
punkt3: 145.20000000000005, 93.84999999999985
punkt4: 131.4000000000002, 113.10000000000016
punkt5: 76.0, 103.0
