punkt0: 60.68000000000002, 76.56000000000003
punkt1: 98.0, 83.0
punkt2: 117.89999999999998, 86.83999999999997
punkt3: 110.0, 101.0
punkt4: 105.0, 112.0
punkt5: 52.75, 106.72
