punkt0: 64.76000000000005, 77.92000000000013
punkt1: 98.0, 83.0
punkt2: 112.7999999999999, 88.87999999999994
punkt3: 110.0, 101.0
punkt4: 105.0, 112.0
punkt5: 57.0, 106.04000000000002
