punkt0: 42.78999999999999, 51.72000000000005
punkt1: 59.58999999999999, 20.80999999999998
punkt2: 86.21999999999991, 47.90000000000003
punkt3: 111.73000000000003, 24.370000000000008
punkt4: 130.07999999999993, 59.990000000000016
punkt5: 76.0, 103.0
