punkt0: 81.08000000000004, 83.36000000000001
punkt1: 98.0, 83.0
punkt2: 92.39999999999998, 97.03999999999996
punkt3: 110.0, 101.0
punkt4: 105.0, 112.0
punkt5: 74.0, 103.32000000000005
