punkt0: 8.480000000000006, 69.91999999999983
punkt1: 22.699999999999967, 35.100000000000065
punkt2: 49.07999999999998, 49.77999999999999
punkt3: 72.61999999999995, 31.17999999999994
punkt4: 96.52000000000014, 55.540000000000084
punkt5: 63.83999999999996, 111.90000000000008
