punkt0: 82.04000000000002, 83.68
punkt1: 98.0, 83.0
punkt2: 91.19999999999999, 97.51999999999998
punkt3: 110.0, 101.0
punkt4: 105.0, 112.0
punkt5: 75.0, 103.16000000000003
