punkt0: 89.3300000000001, 49.31000000000007
punkt1: 124.47999999999998, 33.76000000000001
punkt2: 122.16000000000014, 68.8999999999999
punkt3: 169.4400000000001, 62.35000000000004
punkt4: 154.70999999999995, 92.91000000000014
punkt5: 76.0, 103.0
