punkt0: 72.2000000000001, 80.40000000000008
punkt1: 98.0, 83.0
punkt2: 103.49999999999987, 92.59999999999985
punkt3: 110.0, 101.0
punkt4: 105.0, 112.0
punkt5: 64.75, 104.80000000000004
