punkt0: 73.40000000000012, 80.80000000000007
punkt1: 98.0, 83.0
punkt2: 101.99999999999989, 93.19999999999985
punkt3: 110.0, 101.0
punkt4: 105.0, 112.0
punkt5: 66.0, 104.60000000000005
