punkt0: 2.4800000000000004, 70.91999999999999
punkt1: 20.199999999999996, 27.60000000000001
punkt2: 48.08, 46.27999999999999
punkt3: 71.11999999999998, 22.68
punkt4: 102.52000000000001, 55.040000000000006
punkt5: 65.84, 119.4
