punkt0: 65.24000000000005, 78.08000000000013
punkt1: 98.0, 83.0
punkt2: 112.19999999999989, 89.11999999999993
punkt3: 110.0, 101.0
punkt4: 105.0, 112.0
punkt5: 57.5, 105.96000000000002
