punkt0: 5.240000000000003, 70.45999999999992
punkt1: 21.349999999999973, 31.050000000000058
punkt2: 48.53999999999999, 47.88999999999998
punkt3: 71.80999999999992, 26.58999999999999
punkt4: 99.76000000000008, 55.27000000000004
punkt5: 64.92000000000002, 115.95000000000005
