punkt0: 106.69, 58.83
punkt1: 144.64, 51.68000000000001
punkt2: 128.88, 85.69999999999999
punkt3: 173.92000000000002, 87.55000000000001
punkt4: 153.02999999999997, 113.63
punkt5: 76.0, 103.0
