punkt0: 62.46999999999999, 45.960000000000036
punkt1: 88.86999999999996, 20.32999999999999
punkt2: 104.45999999999992, 52.700000000000074
punkt3: 143.88999999999993, 35.40999999999998
punkt4: 145.43999999999977, 70.06999999999996
punkt5: 76.0, 103.0
