punkt0: 83.24000000000001, 83.75
punkt1: 98.47, 82.69
punkt2: 90.38999999999999, 97.88
punkt3: 110.63999999999999, 100.87
punkt4: 105.48, 112.02000000000001
punkt5: 76.0, 103.0
