punkt0: 13.160000000000005, 69.13999999999997
punkt1: 24.649999999999995, 40.95000000000001
punkt2: 49.85999999999998, 52.51
punkt3: 73.78999999999999, 37.80999999999999
punkt4: 91.84000000000003, 55.930000000000014
punkt5: 62.279999999999994, 106.05000000000004
