punkt0: 2.3600000000000003, 70.94
punkt1: 20.15, 27.450000000000006
punkt2: 48.06, 46.209999999999994
punkt3: 71.08999999999997, 22.509999999999998
punkt4: 102.64000000000001, 55.03
punkt5: 65.88, 119.55000000000001
