punkt0: 7.760000000000005, 70.03999999999985
punkt1: 22.399999999999963, 34.200000000000074
punkt2: 48.95999999999998, 49.359999999999985
punkt3: 72.43999999999994, 30.15999999999995
punkt4: 97.24000000000012, 55.480000000000075
punkt5: 64.07999999999997, 112.80000000000007
