punkt0: 86.60000000000002, 80.25
punkt1: 105.0500000000001, 78.35000000000008
punkt2: 95.84999999999998, 96.20000000000005
punkt3: 119.6, 99.04999999999995
punkt4: 112.20000000000006, 112.30000000000004
punkt5: 76.0, 103.0
