punkt0: 2.7200000000000006, 70.87999999999998
punkt1: 20.299999999999994, 27.900000000000013
punkt2: 48.12, 46.41999999999998
punkt3: 71.17999999999996, 23.02
punkt4: 102.28000000000002, 55.06000000000001
punkt5: 65.76, 119.10000000000001
