punkt0: 69.56000000000009, 79.5200000000001
punkt1: 98.0, 83.0
punkt2: 106.79999999999984, 91.27999999999989
punkt3: 110.0, 101.0
punkt4: 105.0, 112.0
punkt5: 62.0, 105.24000000000004
