punkt0: 66.15999999999998, 44.880000000000024
punkt1: 94.35999999999996, 20.239999999999995
punkt2: 107.87999999999994, 53.60000000000005
punkt3: 149.91999999999996, 37.47999999999999
punkt4: 148.31999999999982, 71.95999999999998
punkt5: 76.0, 103.0
