punkt0: 47.29999999999999, 50.40000000000007
punkt1: 66.29999999999998, 20.699999999999985
punkt2: 90.39999999999986, 49.00000000000004
punkt3: 119.10000000000005, 26.900000000000013
punkt4: 133.59999999999985, 62.300000000000026
punkt5: 76.0, 103.0
