punkt0: 19.819999999999997, 61.819999999999915
punkt1: 35.12000000000005, 23.760000000000023
punkt2: 64.74000000000007, 46.0
punkt3: 86.12000000000006, 20.920000000000023
punkt4: 114.33999999999996, 55.53999999999993
punkt5: 71.39999999999993, 110.81999999999991
