punkt0: 7.940000000000001, 67.93999999999997
punkt1: 25.04000000000002, 25.920000000000023
punkt2: 53.58000000000004, 46.0
punkt3: 76.04000000000002, 21.640000000000008
punkt4: 106.77999999999993, 55.179999999999964
punkt5: 67.7999999999999, 116.93999999999997
