punkt0: 74.12000000000012, 81.04000000000006
punkt1: 98.0, 83.0
punkt2: 101.0999999999999, 93.55999999999983
punkt3: 110.0, 101.0
punkt4: 105.0, 112.0
punkt5: 66.75, 104.48000000000005
