punkt0: 86.12000000000003, 80.75
punkt1: 104.11000000000007, 78.97000000000006
punkt2: 95.06999999999998, 96.44000000000003
punkt3: 118.32, 99.30999999999997
punkt4: 111.24000000000005, 112.26000000000005
punkt5: 76.0, 103.0
