punkt0: 71.96000000000011, 80.32000000000008
punkt1: 98.0, 83.0
punkt2: 103.79999999999987, 92.47999999999986
punkt3: 110.0, 101.0
punkt4: 105.0, 112.0
punkt5: 64.5, 104.84000000000005
