punkt0: 65.00000000000006, 78.00000000000013
punkt1: 98.0, 83.0
punkt2: 112.49999999999989, 88.99999999999994
punkt3: 110.0, 101.0
punkt4: 105.0, 112.0
punkt5: 57.25, 106.00000000000003
