punkt0: 98.94000000000013, 54.58000000000005
punkt1: 135.64000000000001, 43.68000000000002
punkt2: 125.88000000000007, 78.19999999999989
punkt3: 171.92000000000004, 76.30000000000011
punkt4: 153.77999999999992, 104.38000000000007
punkt5: 76.0, 103.0
