punkt0: 39.09999999999999, 52.800000000000026
punkt1: 54.099999999999994, 20.899999999999984
punkt2: 82.79999999999995, 47.000000000000014
punkt3: 105.70000000000002, 22.300000000000004
punkt4: 127.19999999999997, 58.10000000000001
punkt5: 76.0, 103.0
