punkt0: 105.80000000000003, 60.25
punkt1: 142.65, 53.55000000000001
punkt2: 127.05000000000003, 86.60000000000002
punkt3: 170.80000000000007, 88.64999999999998
punkt4: 150.60000000000005, 113.90000000000002
punkt5: 76.0, 103.0
