punkt0: 88.40000000000009, 48.80000000000007
punkt1: 123.39999999999998, 32.80000000000001
punkt2: 121.80000000000015, 67.99999999999991
punkt3: 169.2000000000001, 61.00000000000004
punkt4: 154.79999999999995, 91.80000000000015
punkt5: 76.0, 103.0
