punkt0: 87.08000000000004, 79.75
punkt1: 105.9900000000001, 77.73000000000008
punkt2: 96.62999999999998, 95.96000000000004
punkt3: 120.88, 98.78999999999996
punkt4: 113.16000000000007, 112.34000000000006
punkt5: 76.0, 103.0
