punkt0: 9.560000000000006, 69.73999999999985
punkt1: 23.149999999999974, 36.45000000000005
punkt2: 49.25999999999998, 50.40999999999999
punkt3: 72.88999999999996, 32.70999999999994
punkt4: 95.44000000000017, 55.630000000000074
punkt5: 63.47999999999997, 110.5500000000001
