punkt0: 7.610000000000001, 68.10999999999997
punkt1: 24.76000000000002, 25.98000000000002
punkt2: 53.27000000000004, 46.0
punkt3: 75.76000000000002, 21.660000000000007
punkt4: 106.56999999999994, 55.169999999999966
punkt5: 67.6999999999999, 117.10999999999997
