punkt0: 87.16000000000008, 48.12000000000006
punkt1: 121.95999999999998, 31.52000000000001
punkt2: 121.32000000000016, 66.79999999999993
punkt3: 168.8800000000001, 59.200000000000045
punkt4: 154.91999999999996, 90.32000000000016
punkt5: 76.0, 103.0
