punkt0: 91.19000000000011, 50.330000000000084
punkt1: 126.63999999999997, 35.680000000000014
punkt2: 122.88000000000014, 70.69999999999989
punkt3: 169.92000000000007, 65.05000000000004
punkt4: 154.52999999999994, 95.13000000000014
punkt5: 76.0, 103.0
