punkt0: 96.77000000000015, 53.39000000000006
punkt1: 133.12, 41.44000000000002
punkt2: 125.04000000000009, 76.09999999999987
punkt3: 171.36000000000007, 73.15000000000009
punkt4: 153.98999999999992, 101.79000000000008
punkt5: 76.0, 103.0
