punkt0: 64.04000000000005, 77.68000000000012
punkt1: 98.0, 83.0
punkt2: 113.6999999999999, 88.51999999999995
punkt3: 110.0, 101.0
punkt4: 105.0, 112.0
punkt5: 56.25, 106.16000000000003
