punkt0: 89.24000000000005, 77.5
punkt1: 110.22000000000008, 74.94000000000013
punkt2: 100.13999999999999, 94.88000000000007
punkt3: 126.64, 97.61999999999993
punkt4: 117.4800000000001, 112.52000000000008
punkt5: 76.0, 103.0
