punkt0: 3.9800000000000004, 69.97999999999999
punkt1: 21.680000000000007, 26.640000000000008
punkt2: 49.860000000000014, 46.0
punkt3: 72.68, 21.880000000000003
punkt4: 104.25999999999996, 55.05999999999999
punkt5: 66.59999999999997, 118.97999999999999
