punkt0: 6.950000000000001, 68.44999999999997
punkt1: 24.200000000000017, 26.10000000000002
punkt2: 52.650000000000034, 46.0
punkt3: 75.20000000000002, 21.700000000000006
punkt4: 106.14999999999992, 55.14999999999997
punkt5: 67.49999999999991, 117.44999999999997
