punkt0: 11.240000000000009, 69.45999999999991
punkt1: 23.849999999999984, 38.55000000000003
punkt2: 49.539999999999964, 51.38999999999999
punkt3: 73.30999999999997, 35.08999999999996
punkt4: 93.7600000000001, 55.770000000000046
punkt5: 62.91999999999998, 108.4500000000001
