punkt0: 90.44000000000005, 76.25
punkt1: 112.57000000000008, 73.39000000000014
punkt2: 102.08999999999999, 94.28000000000009
punkt3: 129.84000000000003, 96.96999999999991
punkt4: 119.88000000000012, 112.62000000000009
punkt5: 76.0, 103.0
