punkt0: 83.75000000000006, 46.25000000000004
punkt1: 117.99999999999999, 28.000000000000007
punkt2: 120.00000000000011, 63.49999999999994
punkt3: 168.0000000000001, 54.25000000000006
punkt4: 155.24999999999997, 86.25000000000011
punkt5: 76.0, 103.0
