punkt0: 6.080000000000004, 70.3199999999999
punkt1: 21.699999999999964, 32.10000000000007
punkt2: 48.679999999999986, 48.37999999999998
punkt3: 72.01999999999992, 27.779999999999976
punkt4: 98.92000000000009, 55.34000000000005
punkt5: 64.64000000000003, 114.90000000000005
