punkt0: 29.72, 56.71999999999997
punkt1: 43.52000000000004, 21.960000000000008
punkt2: 74.04000000000008, 46.0
punkt3: 94.5200000000001, 20.32000000000002
punkt4: 120.63999999999999, 55.839999999999975
punkt5: 74.39999999999998, 105.71999999999991
