punkt0: 71.2400000000001, 80.08000000000008
punkt1: 98.0, 83.0
punkt2: 104.69999999999986, 92.11999999999986
punkt3: 110.0, 101.0
punkt4: 105.0, 112.0
punkt5: 63.75, 104.96000000000004
