punkt0: 77.72000000000011, 82.24000000000004
punkt1: 98.0, 83.0
punkt2: 96.59999999999994, 95.3599999999999
punkt3: 110.0, 101.0
punkt4: 105.0, 112.0
punkt5: 70.5, 103.88000000000007
