punkt0: 79.64000000000007, 82.88000000000002
punkt1: 98.0, 83.0
punkt2: 94.19999999999996, 96.31999999999994
punkt3: 110.0, 101.0
punkt4: 105.0, 112.0
punkt5: 72.5, 103.56000000000007
