punkt0: 30.049999999999997, 56.54999999999997
punkt1: 43.80000000000004, 21.900000000000006
punkt2: 74.35000000000008, 46.0
punkt3: 94.8000000000001, 20.30000000000002
punkt4: 120.85, 55.84999999999998
punkt5: 74.49999999999997, 105.54999999999993
