punkt0: 98.60000000000012, 67.75
punkt1: 128.55000000000004, 62.85000000000008
punkt2: 115.35000000000001, 90.20000000000016
punkt3: 151.60000000000002, 92.54999999999984
punkt4: 136.20000000000027, 113.30000000000014
punkt5: 76.0, 103.0
