punkt0: 59.960000000000015, 76.32000000000002
punkt1: 98.0, 83.0
punkt2: 118.79999999999998, 86.47999999999999
punkt3: 110.0, 101.0
punkt4: 105.0, 112.0
punkt5: 52.0, 106.84
