punkt0: 87.80000000000004, 79.0
punkt1: 107.40000000000009, 76.8000000000001
punkt2: 97.79999999999998, 95.60000000000005
punkt3: 122.8, 98.39999999999995
punkt4: 114.60000000000008, 112.40000000000006
punkt5: 76.0, 103.0
