punkt0: 78.48000000000002, 43.360000000000014
punkt1: 111.88, 22.560000000000002
punkt2: 117.96000000000004, 58.39999999999998
punkt3: 166.6400000000001, 46.60000000000002
punkt4: 155.76, 79.96000000000004
punkt5: 76.0, 103.0
