punkt0: 81.32000000000004, 83.44000000000001
punkt1: 98.0, 83.0
punkt2: 92.09999999999998, 97.15999999999997
punkt3: 110.0, 101.0
punkt4: 105.0, 112.0
punkt5: 74.25, 103.28000000000004
