punkt0: 67.40000000000006, 78.80000000000011
punkt1: 98.0, 83.0
punkt2: 109.49999999999986, 90.1999999999999
punkt3: 110.0, 101.0
punkt4: 105.0, 112.0
punkt5: 59.75, 105.60000000000002
