punkt0: 93.32000000000008, 73.25
punkt1: 118.21000000000006, 69.67000000000012
punkt2: 106.77, 92.84000000000012
punkt3: 137.52, 95.4099999999999
punkt4: 125.64000000000017, 112.86000000000013
punkt5: 76.0, 103.0
