punkt0: 100.76000000000013, 65.5
punkt1: 132.78000000000003, 60.06000000000006
punkt2: 118.86000000000001, 89.12000000000012
punkt3: 157.36000000000004, 91.37999999999988
punkt4: 140.52000000000027, 113.4800000000001
punkt5: 76.0, 103.0
