punkt0: 94.04000000000009, 72.5
punkt1: 119.62000000000006, 68.74000000000011
punkt2: 107.94, 92.48000000000012
punkt3: 139.44000000000003, 95.01999999999988
punkt4: 127.08000000000018, 112.92000000000014
punkt5: 76.0, 103.0
