punkt0: 8.600000000000001, 67.59999999999997
punkt1: 25.600000000000023, 25.800000000000026
punkt2: 54.200000000000045, 46.0
punkt3: 76.60000000000002, 21.60000000000001
punkt4: 107.19999999999993, 55.19999999999996
punkt5: 67.99999999999989, 116.59999999999997
