punkt0: 96.44000000000011, 70.0
punkt1: 124.32000000000005, 65.64000000000009
punkt2: 111.84, 91.28000000000014
punkt3: 145.84000000000003, 93.71999999999986
punkt4: 131.88000000000022, 113.12000000000018
punkt5: 76.0, 103.0
