punkt0: 12.080000000000009, 69.31999999999994
punkt1: 24.19999999999999, 39.60000000000002
punkt2: 49.679999999999964, 51.879999999999995
punkt3: 73.51999999999998, 36.27999999999997
punkt4: 92.92000000000007, 55.84000000000003
punkt5: 62.639999999999986, 107.40000000000009
