punkt0: 2.99, 70.49
punkt1: 20.840000000000003, 26.820000000000004
punkt2: 48.93000000000001, 46.0
punkt3: 71.84, 21.94
punkt4: 103.62999999999998, 55.029999999999994
punkt5: 66.29999999999998, 119.49
