punkt0: 102.2000000000001, 64.0
punkt1: 135.60000000000002, 58.200000000000045
punkt2: 121.20000000000002, 88.40000000000009
punkt3: 161.20000000000005, 90.59999999999991
punkt4: 143.4000000000002, 113.60000000000008
punkt5: 76.0, 103.0
