punkt0: 84.99000000000007, 46.93000000000005
punkt1: 119.43999999999998, 29.28000000000001
punkt2: 120.48000000000013, 64.69999999999995
punkt3: 168.3200000000001, 56.050000000000054
punkt4: 155.12999999999997, 87.73000000000013
punkt5: 76.0, 103.0
