punkt0: 15.530000000000003, 64.02999999999993
punkt1: 31.48000000000004, 24.540000000000028
punkt2: 60.71000000000008, 46.0
punkt3: 82.48000000000005, 21.180000000000017
punkt4: 111.60999999999996, 55.40999999999992
punkt5: 70.09999999999991, 113.02999999999993
