punkt0: 2.66, 70.66
punkt1: 20.560000000000002, 26.880000000000003
punkt2: 48.620000000000005, 46.0
punkt3: 71.56, 21.96
punkt4: 103.41999999999999, 55.019999999999996
punkt5: 66.19999999999999, 119.66
