punkt0: 64.52, 45.36000000000003
punkt1: 91.91999999999996, 20.279999999999994
punkt2: 106.35999999999993, 53.20000000000006
punkt3: 147.23999999999995, 36.55999999999999
punkt4: 147.0399999999998, 71.11999999999998
punkt5: 76.0, 103.0
