punkt0: 10.280000000000008, 69.61999999999988
punkt1: 23.449999999999978, 37.350000000000044
punkt2: 49.379999999999974, 50.82999999999999
punkt3: 73.06999999999996, 33.72999999999995
punkt4: 94.72000000000014, 55.69000000000006
punkt5: 63.239999999999974, 109.65000000000009
