punkt0: 60.44000000000002, 76.48000000000003
punkt1: 98.0, 83.0
punkt2: 118.19999999999997, 86.71999999999998
punkt3: 110.0, 101.0
punkt4: 105.0, 112.0
punkt5: 52.5, 106.76
