punkt0: 7.0400000000000045, 70.15999999999987
punkt1: 22.09999999999996, 33.30000000000008
punkt2: 48.83999999999998, 48.93999999999998
punkt3: 72.25999999999993, 29.13999999999996
punkt4: 97.96000000000011, 55.420000000000066
punkt5: 64.32000000000001, 113.70000000000006
