punkt0: 3.320000000000001, 70.77999999999997
punkt1: 20.54999999999999, 28.650000000000023
punkt2: 48.22, 46.769999999999975
punkt3: 71.32999999999993, 23.869999999999997
punkt4: 101.68000000000004, 55.110000000000014
punkt5: 65.56, 118.35000000000002
