punkt0: 86.84000000000003, 80.0
punkt1: 105.5200000000001, 78.04000000000008
punkt2: 96.23999999999998, 96.08000000000004
punkt3: 120.24, 98.91999999999996
punkt4: 112.68000000000006, 112.32000000000005
punkt5: 76.0, 103.0
