punkt0: 104.21000000000004, 57.47000000000001
punkt1: 141.76, 49.120000000000026
punkt2: 127.92000000000002, 83.29999999999995
punkt3: 173.28000000000003, 83.95000000000005
punkt4: 153.2699999999999, 110.67000000000002
punkt5: 76.0, 103.0
