punkt0: 60.92000000000002, 76.64000000000004
punkt1: 98.0, 83.0
punkt2: 117.59999999999997, 86.95999999999998
punkt3: 110.0, 101.0
punkt4: 105.0, 112.0
punkt5: 53.0, 106.68
