punkt0: 71.48999999999995, 43.32000000000001
punkt1: 102.28999999999995, 20.11
punkt2: 112.81999999999996, 54.90000000000002
punkt3: 158.63, 40.47
punkt4: 152.4799999999999, 74.69
punkt5: 76.0, 103.0
