punkt0: 13.400000000000004, 69.09999999999998
punkt1: 24.749999999999996, 41.25000000000001
punkt2: 49.899999999999984, 52.65
punkt3: 73.85, 38.14999999999999
punkt4: 91.60000000000002, 55.95000000000001
punkt5: 62.199999999999996, 105.75000000000003
