punkt0: 59.48000000000001, 76.16000000000001
punkt1: 98.0, 83.0
punkt2: 119.39999999999999, 86.24
punkt3: 110.0, 101.0
punkt4: 105.0, 112.0
punkt5: 51.5, 106.92
