punkt0: 52.21999999999999, 48.96000000000006
punkt1: 73.61999999999998, 20.579999999999988
punkt2: 94.95999999999985, 50.20000000000006
punkt3: 127.14000000000007, 29.660000000000018
punkt4: 137.43999999999977, 64.82000000000001
punkt5: 76.0, 103.0
