punkt0: 90.2600000000001, 49.82000000000008
punkt1: 125.55999999999997, 34.72000000000001
punkt2: 122.52000000000014, 69.7999999999999
punkt3: 169.6800000000001, 63.70000000000004
punkt4: 154.61999999999995, 94.02000000000014
punkt5: 76.0, 103.0
