punkt0: 13.880000000000003, 64.87999999999994
punkt1: 30.08000000000004, 24.840000000000032
punkt2: 59.16000000000008, 46.0
punkt3: 81.08000000000004, 21.280000000000015
punkt4: 110.55999999999995, 55.35999999999993
punkt5: 69.59999999999991, 113.87999999999994
