punkt0: 82.51000000000005, 45.570000000000036
punkt1: 116.55999999999999, 26.720000000000006
punkt2: 119.5200000000001, 62.29999999999995
punkt3: 167.68000000000012, 52.45000000000006
punkt4: 155.36999999999998, 84.7700000000001
punkt5: 76.0, 103.0
