punkt0: 63.699999999999996, 45.60000000000003
punkt1: 90.69999999999996, 20.299999999999994
punkt2: 105.59999999999992, 53.000000000000064
punkt3: 145.89999999999995, 36.09999999999999
punkt4: 146.39999999999978, 70.69999999999997
punkt5: 76.0, 103.0
