punkt0: 78.68000000000009, 82.56000000000003
punkt1: 98.0, 83.0
punkt2: 95.39999999999995, 95.83999999999992
punkt3: 110.0, 101.0
punkt4: 105.0, 112.0
punkt5: 71.5, 103.72000000000007
