punkt0: 65.33999999999999, 45.120000000000026
punkt1: 93.13999999999996, 20.259999999999994
punkt2: 107.11999999999993, 53.400000000000055
punkt3: 148.57999999999996, 37.01999999999999
punkt4: 147.6799999999998, 71.53999999999998
punkt5: 76.0, 103.0
