punkt0: 65.48000000000005, 78.16000000000012
punkt1: 98.0, 83.0
punkt2: 111.89999999999989, 89.23999999999992
punkt3: 110.0, 101.0
punkt4: 105.0, 112.0
punkt5: 57.75, 105.92000000000002
