punkt0: 8.120000000000005, 69.97999999999985
punkt1: 22.549999999999965, 34.65000000000007
punkt2: 49.01999999999998, 49.569999999999986
punkt3: 72.52999999999994, 30.669999999999945
punkt4: 96.88000000000014, 55.510000000000076
punkt5: 63.95999999999996, 112.35000000000008
