punkt0: 85.40000000000002, 81.5
punkt1: 102.70000000000006, 79.90000000000005
punkt2: 93.89999999999998, 96.80000000000003
punkt3: 116.39999999999999, 99.69999999999997
punkt4: 109.80000000000004, 112.20000000000003
punkt5: 76.0, 103.0
