punkt0: 80.12000000000006, 83.04000000000002
punkt1: 98.0, 83.0
punkt2: 93.59999999999997, 96.55999999999995
punkt3: 110.0, 101.0
punkt4: 105.0, 112.0
punkt5: 73.0, 103.48000000000008
