punkt0: 100.28000000000014, 66.0
punkt1: 131.84000000000003, 60.680000000000064
punkt2: 118.08000000000001, 89.36000000000013
punkt3: 156.08000000000004, 91.63999999999987
punkt4: 139.5600000000003, 113.44000000000011
punkt5: 76.0, 103.0
