punkt0: 67.64000000000007, 78.88000000000011
punkt1: 98.0, 83.0
punkt2: 109.19999999999985, 90.31999999999991
punkt3: 110.0, 101.0
punkt4: 105.0, 112.0
punkt5: 60.0, 105.56000000000003
