punkt0: 8.360000000000007, 69.93999999999983
punkt1: 22.649999999999967, 34.95000000000007
punkt2: 49.059999999999974, 49.70999999999999
punkt3: 72.58999999999995, 31.00999999999994
punkt4: 96.64000000000013, 55.530000000000086
punkt5: 63.87999999999996, 112.05000000000007
