punkt0: 39.50999999999999, 52.68000000000003
punkt1: 54.709999999999994, 20.889999999999983
punkt2: 83.17999999999995, 47.100000000000016
punkt3: 106.37000000000002, 22.530000000000005
punkt4: 127.51999999999998, 58.31000000000001
punkt5: 76.0, 103.0
