punkt0: 90.88000000000011, 50.16000000000008
punkt1: 126.27999999999997, 35.360000000000014
punkt2: 122.76000000000013, 70.39999999999989
punkt3: 169.8400000000001, 64.60000000000004
punkt4: 154.55999999999995, 94.76000000000013
punkt5: 76.0, 103.0
