punkt0: 33.349999999999994, 54.849999999999994
punkt1: 46.60000000000001, 21.300000000000004
punkt2: 77.45000000000002, 46.0
punkt3: 97.60000000000002, 20.10000000000001
punkt4: 122.94999999999999, 55.94999999999999
punkt5: 75.5, 103.84999999999997
