punkt0: 89.48000000000005, 77.25
punkt1: 110.69000000000008, 74.63000000000014
punkt2: 100.52999999999999, 94.76000000000008
punkt3: 127.28, 97.48999999999992
punkt4: 117.96000000000011, 112.54000000000008
punkt5: 76.0, 103.0
