punkt0: 5.000000000000003, 70.49999999999991
punkt1: 21.24999999999997, 30.750000000000053
punkt2: 48.499999999999986, 47.74999999999998
punkt3: 71.74999999999991, 26.249999999999993
punkt4: 100.00000000000006, 55.25000000000004
punkt5: 65.00000000000003, 116.25000000000003
