punkt0: 7.280000000000005, 70.11999999999986
punkt1: 22.19999999999996, 33.60000000000008
punkt2: 48.87999999999998, 49.079999999999984
punkt3: 72.31999999999994, 29.479999999999958
punkt4: 97.72000000000011, 55.44000000000007
punkt5: 64.24, 113.40000000000006
