punkt0: 51.39999999999999, 49.20000000000006
punkt1: 72.39999999999998, 20.599999999999987
punkt2: 94.19999999999985, 50.00000000000006
punkt3: 125.80000000000007, 29.200000000000017
punkt4: 136.79999999999978, 64.40000000000002
punkt5: 76.0, 103.0
