punkt0: 80.96000000000004, 44.72000000000003
punkt1: 114.75999999999999, 25.120000000000005
punkt2: 118.92000000000007, 60.799999999999955
punkt3: 167.28000000000014, 50.200000000000045
punkt4: 155.51999999999998, 82.92000000000007
punkt5: 76.0, 103.0
