punkt0: 13.220000000000002, 65.21999999999994
punkt1: 29.52000000000004, 24.960000000000033
punkt2: 58.54000000000008, 46.0
punkt3: 80.52000000000004, 21.320000000000014
punkt4: 110.13999999999994, 55.33999999999993
punkt5: 69.3999999999999, 114.21999999999994
