punkt0: 3.6500000000000004, 70.14999999999999
punkt1: 21.400000000000006, 26.700000000000006
punkt2: 49.55000000000001, 46.0
punkt3: 72.4, 21.900000000000002
punkt4: 104.04999999999997, 55.04999999999999
punkt5: 66.49999999999997, 119.14999999999999
