punkt0: 72.30999999999997, 43.08000000000001
punkt1: 103.50999999999995, 20.089999999999996
punkt2: 113.57999999999998, 55.10000000000002
punkt3: 159.96999999999997, 40.92999999999999
punkt4: 153.11999999999995, 75.10999999999999
punkt5: 76.0, 103.0
