punkt0: 22.79, 60.289999999999935
punkt1: 37.64000000000006, 23.22000000000002
punkt2: 67.53000000000009, 46.0
punkt3: 88.64000000000007, 20.740000000000027
punkt4: 116.22999999999996, 55.62999999999994
punkt5: 72.29999999999995, 109.28999999999989
