punkt0: 44.01999999999999, 51.360000000000056
punkt1: 61.41999999999999, 20.779999999999983
punkt2: 87.3599999999999, 48.20000000000003
punkt3: 113.74000000000004, 25.06000000000001
punkt4: 131.0399999999999, 60.62000000000002
punkt5: 76.0, 103.0
