punkt0: 74.76999999999998, 42.36
punkt1: 107.16999999999999, 20.03
punkt2: 115.85999999999999, 55.7
punkt3: 163.99, 42.31
punkt4: 155.03999999999996, 76.37
punkt5: 76.0, 103.0
