punkt0: 11.600000000000009, 69.39999999999992
punkt1: 23.999999999999986, 39.00000000000003
punkt2: 49.599999999999966, 51.599999999999994
punkt3: 73.39999999999998, 35.599999999999966
punkt4: 93.40000000000009, 55.80000000000004
punkt5: 62.79999999999998, 108.00000000000011
