punkt0: 81.89000000000004, 45.23000000000003
punkt1: 115.83999999999999, 26.080000000000005
punkt2: 119.28000000000009, 61.699999999999946
punkt3: 167.52000000000015, 51.550000000000054
punkt4: 155.42999999999998, 84.03000000000009
punkt5: 76.0, 103.0
