punkt0: 83.13000000000005, 45.91000000000004
punkt1: 117.27999999999999, 27.360000000000007
punkt2: 119.7600000000001, 62.89999999999995
punkt3: 167.84000000000015, 53.35000000000005
punkt4: 155.30999999999997, 85.5100000000001
punkt5: 76.0, 103.0
