punkt0: 78.2000000000001, 82.40000000000003
punkt1: 98.0, 83.0
punkt2: 95.99999999999994, 95.59999999999991
punkt3: 110.0, 101.0
punkt4: 105.0, 112.0
punkt5: 71.0, 103.80000000000007
