punkt0: 106.38000000000001, 58.660000000000004
punkt1: 144.28, 51.36000000000001
punkt2: 128.76000000000002, 85.39999999999999
punkt3: 173.84, 87.10000000000001
punkt4: 153.05999999999997, 113.26
punkt5: 76.0, 103.0
