punkt0: 102.68000000000009, 63.5
punkt1: 136.54000000000002, 57.58000000000004
punkt2: 121.98000000000002, 88.16000000000008
punkt3: 162.48000000000005, 90.33999999999992
punkt4: 144.36000000000018, 113.64000000000007
punkt5: 76.0, 103.0
