punkt0: 88.7100000000001, 48.97000000000007
punkt1: 123.75999999999998, 33.12000000000001
punkt2: 121.92000000000016, 68.29999999999991
punkt3: 169.2800000000001, 61.450000000000045
punkt4: 154.76999999999995, 92.17000000000016
punkt5: 76.0, 103.0
