punkt0: 103.90000000000005, 57.30000000000002
punkt1: 141.4, 48.800000000000026
punkt2: 127.80000000000003, 82.99999999999996
punkt3: 173.20000000000002, 83.50000000000004
punkt4: 153.2999999999999, 110.30000000000003
punkt5: 76.0, 103.0
