punkt0: 103.28000000000006, 56.96000000000002
punkt1: 140.68, 48.160000000000025
punkt2: 127.56000000000003, 82.39999999999995
punkt3: 173.04000000000002, 82.60000000000005
punkt4: 153.3599999999999, 109.56000000000003
punkt5: 76.0, 103.0
