punkt0: 59.24000000000001, 76.08000000000001
punkt1: 98.0, 83.0
punkt2: 119.69999999999999, 86.12
punkt3: 110.0, 101.0
punkt4: 105.0, 112.0
punkt5: 51.25, 106.96000000000001
