punkt0: 8.720000000000006, 69.87999999999982
punkt1: 22.79999999999997, 35.40000000000006
punkt2: 49.119999999999976, 49.91999999999999
punkt3: 72.67999999999995, 31.519999999999936
punkt4: 96.28000000000014, 55.56000000000009
punkt5: 63.75999999999996, 111.60000000000008
