punkt0: 13.280000000000005, 69.11999999999998
punkt1: 24.699999999999996, 41.10000000000001
punkt2: 49.87999999999998, 52.58
punkt3: 73.82, 37.97999999999999
punkt4: 91.72000000000003, 55.94000000000001
punkt5: 62.239999999999995, 105.90000000000003
