punkt0: 89.96000000000006, 76.75
punkt1: 111.63000000000008, 74.01000000000013
punkt2: 101.30999999999999, 94.52000000000007
punkt3: 128.56, 97.22999999999993
punkt4: 118.92000000000012, 112.5800000000001
punkt5: 76.0, 103.0
