punkt0: 90.92000000000006, 75.75
punkt1: 113.51000000000008, 72.77000000000014
punkt2: 102.86999999999999, 94.04000000000008
punkt3: 131.12, 96.70999999999992
punkt4: 120.84000000000013, 112.66000000000011
punkt5: 76.0, 103.0
