punkt0: 92.43000000000012, 51.01000000000009
punkt1: 128.07999999999998, 36.960000000000015
punkt2: 123.36000000000013, 71.89999999999988
punkt3: 170.24000000000007, 66.85000000000005
punkt4: 154.40999999999994, 96.61000000000013
punkt5: 76.0, 103.0
