punkt0: 22.129999999999995, 60.629999999999924
punkt1: 37.080000000000055, 23.340000000000018
punkt2: 66.91000000000008, 46.0
punkt3: 88.08000000000007, 20.780000000000026
punkt4: 115.80999999999997, 55.60999999999994
punkt5: 72.09999999999994, 109.6299999999999
