punkt0: 13.760000000000002, 69.03999999999999
punkt1: 24.9, 41.7
punkt2: 49.959999999999994, 52.86
punkt3: 73.94, 38.66
punkt4: 91.24000000000001, 55.980000000000004
punkt5: 62.08, 105.30000000000001
