punkt0: 71.07999999999996, 43.44000000000001
punkt1: 101.67999999999995, 20.119999999999997
punkt2: 112.43999999999997, 54.800000000000026
punkt3: 157.95999999999998, 40.239999999999995
punkt4: 152.1599999999999, 74.47999999999999
punkt5: 76.0, 103.0
