punkt0: 90.5700000000001, 49.99000000000008
punkt1: 125.91999999999997, 35.04000000000001
punkt2: 122.64000000000013, 70.0999999999999
punkt3: 169.7600000000001, 64.15000000000003
punkt4: 154.58999999999995, 94.39000000000013
punkt5: 76.0, 103.0
