punkt0: 55.08999999999999, 48.12000000000005
punkt1: 77.88999999999997, 20.50999999999999
punkt2: 97.61999999999986, 50.90000000000007
punkt3: 131.83, 31.27000000000002
punkt4: 139.67999999999972, 66.28999999999996
punkt5: 76.0, 103.0
