punkt0: 84.92000000000002, 82.0
punkt1: 101.76000000000005, 80.52000000000004
punkt2: 93.11999999999998, 97.04000000000002
punkt3: 115.11999999999999, 99.95999999999998
punkt4: 108.84000000000003, 112.16000000000003
punkt5: 76.0, 103.0
