punkt0: 50.989999999999995, 49.320000000000064
punkt1: 71.78999999999998, 20.609999999999985
punkt2: 93.81999999999985, 49.900000000000055
punkt3: 125.13000000000007, 28.970000000000017
punkt4: 136.4799999999998, 64.19000000000003
punkt5: 76.0, 103.0
