punkt0: 64.52000000000004, 77.84000000000012
punkt1: 98.0, 83.0
punkt2: 113.09999999999991, 88.75999999999993
punkt3: 110.0, 101.0
punkt4: 105.0, 112.0
punkt5: 56.75, 106.08000000000001
