punkt0: 84.06000000000006, 46.420000000000044
punkt1: 118.35999999999999, 28.320000000000007
punkt2: 120.12000000000012, 63.79999999999995
punkt3: 168.08000000000013, 54.70000000000006
punkt4: 155.21999999999997, 86.62000000000012
punkt5: 76.0, 103.0
