punkt0: 21.47, 60.96999999999993
punkt1: 36.52000000000005, 23.460000000000022
punkt2: 66.29000000000008, 46.0
punkt3: 87.52000000000007, 20.820000000000025
punkt4: 115.38999999999996, 55.58999999999993
punkt5: 71.89999999999995, 109.9699999999999
