punkt0: 73.88000000000012, 80.96000000000006
punkt1: 98.0, 83.0
punkt2: 101.39999999999989, 93.43999999999984
punkt3: 110.0, 101.0
punkt4: 105.0, 112.0
punkt5: 66.5, 104.52000000000005
