punkt0: 102.35000000000008, 56.45000000000003
punkt1: 139.60000000000002, 47.200000000000024
punkt2: 127.20000000000005, 81.49999999999994
punkt3: 172.8, 81.25000000000006
punkt4: 153.4499999999999, 108.45000000000005
punkt5: 76.0, 103.0
