punkt0: 87.47000000000008, 48.29000000000006
punkt1: 122.31999999999998, 31.84000000000001
punkt2: 121.44000000000017, 67.09999999999992
punkt3: 168.9600000000001, 59.65000000000005
punkt4: 154.88999999999996, 90.69000000000017
punkt5: 76.0, 103.0
