punkt0: 87.78000000000009, 48.460000000000065
punkt1: 122.67999999999998, 32.16000000000001
punkt2: 121.56000000000016, 67.39999999999992
punkt3: 169.0400000000001, 60.100000000000044
punkt4: 154.85999999999996, 91.06000000000016
punkt5: 76.0, 103.0
