punkt0: 2.12, 70.97999999999999
punkt1: 20.049999999999997, 27.150000000000002
punkt2: 48.019999999999996, 46.06999999999999
punkt3: 71.03, 22.17
punkt4: 102.88, 55.010000000000005
punkt5: 65.96000000000001, 119.85
