punkt0: 63.80000000000005, 77.60000000000011
punkt1: 98.0, 83.0
punkt2: 113.99999999999991, 88.39999999999995
punkt3: 110.0, 101.0
punkt4: 105.0, 112.0
punkt5: 56.0, 106.20000000000002
