punkt0: 98.01000000000013, 54.07000000000005
punkt1: 134.56, 42.72000000000002
punkt2: 125.52000000000007, 77.29999999999987
punkt3: 171.68000000000006, 74.9500000000001
punkt4: 153.86999999999992, 103.27000000000007
punkt5: 76.0, 103.0
