punkt0: 10.640000000000008, 69.55999999999989
punkt1: 23.59999999999998, 37.80000000000004
punkt2: 49.43999999999997, 51.03999999999999
punkt3: 73.15999999999997, 34.23999999999995
punkt4: 94.36000000000013, 55.720000000000056
punkt5: 63.119999999999976, 109.2000000000001
