punkt0: 95.84000000000015, 52.88000000000007
punkt1: 132.04000000000002, 40.48000000000002
punkt2: 124.68000000000009, 75.19999999999985
punkt3: 171.12000000000006, 71.80000000000008
punkt4: 154.07999999999993, 100.68000000000009
punkt5: 76.0, 103.0
