punkt0: 41.969999999999985, 51.96000000000004
punkt1: 58.36999999999999, 20.829999999999984
punkt2: 85.45999999999992, 47.700000000000024
punkt3: 110.39000000000003, 23.910000000000007
punkt4: 129.43999999999994, 59.570000000000014
punkt5: 76.0, 103.0
