punkt0: 55.91, 47.88000000000005
punkt1: 79.10999999999997, 20.489999999999988
punkt2: 98.37999999999988, 51.10000000000007
punkt3: 133.17, 31.73000000000002
punkt4: 140.3199999999997, 66.70999999999995
punkt5: 76.0, 103.0
