punkt0: 69.02999999999996, 44.04000000000002
punkt1: 98.62999999999995, 20.169999999999998
punkt2: 110.53999999999996, 54.30000000000004
punkt3: 154.60999999999996, 39.08999999999999
punkt4: 150.5599999999999, 73.42999999999998
punkt5: 76.0, 103.0
