punkt0: 78.92000000000009, 82.64000000000003
punkt1: 98.0, 83.0
punkt2: 95.09999999999995, 95.95999999999992
punkt3: 110.0, 101.0
punkt4: 105.0, 112.0
punkt5: 71.75, 103.68000000000006
