punkt0: 53.03999999999999, 48.720000000000056
punkt1: 74.83999999999997, 20.559999999999988
punkt2: 95.71999999999986, 50.40000000000006
punkt3: 128.48000000000008, 30.12000000000002
punkt4: 138.07999999999976, 65.24
punkt5: 76.0, 103.0
