punkt0: 86.54000000000008, 47.78000000000006
punkt1: 121.23999999999998, 30.88000000000001
punkt2: 121.08000000000015, 66.19999999999993
punkt3: 168.7200000000001, 58.30000000000005
punkt4: 154.97999999999996, 89.58000000000015
punkt5: 76.0, 103.0
