punkt0: 94.28000000000009, 72.25
punkt1: 120.09000000000006, 68.4300000000001
punkt2: 108.33, 92.36000000000013
punkt3: 140.08000000000004, 94.88999999999987
punkt4: 127.56000000000019, 112.94000000000014
punkt5: 76.0, 103.0
