punkt0: 105.56000000000003, 60.5
punkt1: 142.18, 53.860000000000014
punkt2: 126.66000000000003, 86.72000000000003
punkt3: 170.16000000000005, 88.77999999999997
punkt4: 150.12000000000006, 113.88000000000002
punkt5: 76.0, 103.0
