punkt0: 12.800000000000008, 69.19999999999996
punkt1: 24.499999999999993, 40.500000000000014
punkt2: 49.79999999999997, 52.3
punkt3: 73.69999999999999, 37.29999999999998
punkt4: 92.20000000000005, 55.90000000000002
punkt5: 62.39999999999999, 106.50000000000006
