punkt0: 88.09000000000009, 48.63000000000007
punkt1: 123.03999999999998, 32.48000000000001
punkt2: 121.68000000000015, 67.69999999999992
punkt3: 169.12000000000012, 60.55000000000004
punkt4: 154.82999999999996, 91.43000000000015
punkt5: 76.0, 103.0
