punkt0: 18.499999999999996, 62.499999999999915
punkt1: 34.00000000000004, 24.000000000000025
punkt2: 63.500000000000064, 46.0
punkt3: 85.00000000000006, 21.00000000000002
punkt4: 113.49999999999996, 55.49999999999992
punkt5: 70.99999999999993, 111.49999999999991
