punkt0: 9.440000000000007, 69.75999999999985
punkt1: 23.099999999999973, 36.300000000000054
punkt2: 49.239999999999974, 50.33999999999999
punkt3: 72.85999999999996, 32.539999999999935
punkt4: 95.56000000000016, 55.620000000000076
punkt5: 63.51999999999997, 110.70000000000009
