punkt0: 94.91000000000014, 52.370000000000076
punkt1: 130.96000000000004, 39.52000000000002
punkt2: 124.3200000000001, 74.29999999999986
punkt3: 170.88000000000005, 70.45000000000007
punkt4: 154.16999999999993, 99.5700000000001
punkt5: 76.0, 103.0
