punkt0: 15.200000000000003, 64.19999999999993
punkt1: 31.20000000000004, 24.60000000000003
punkt2: 60.40000000000008, 46.0
punkt3: 82.20000000000005, 21.200000000000017
punkt4: 111.39999999999995, 55.39999999999992
punkt5: 69.99999999999991, 113.19999999999993
