punkt0: 103.16000000000008, 63.0
punkt1: 137.48000000000002, 56.960000000000036
punkt2: 122.76000000000002, 87.92000000000007
punkt3: 163.76000000000005, 90.07999999999993
punkt4: 145.32000000000016, 113.68000000000006
punkt5: 76.0, 103.0
