punkt0: 25.099999999999998, 59.099999999999945
punkt1: 39.600000000000065, 22.800000000000015
punkt2: 69.7000000000001, 46.0
punkt3: 90.60000000000008, 20.60000000000003
punkt4: 117.69999999999997, 55.69999999999995
punkt5: 72.99999999999996, 108.09999999999988
