punkt0: 62.12000000000003, 77.04000000000008
punkt1: 98.0, 83.0
punkt2: 116.09999999999994, 87.55999999999997
punkt3: 110.0, 101.0
punkt4: 105.0, 112.0
punkt5: 54.25, 106.48000000000002
