punkt0: 6.290000000000001, 68.78999999999998
punkt1: 23.640000000000015, 26.220000000000017
punkt2: 52.03000000000003, 46.0
punkt3: 74.64000000000001, 21.740000000000006
punkt4: 105.72999999999993, 55.129999999999974
punkt5: 67.29999999999993, 117.78999999999998
