punkt0: 46.47999999999999, 50.64000000000007
punkt1: 65.07999999999998, 20.719999999999985
punkt2: 89.63999999999987, 48.80000000000004
punkt3: 117.76000000000005, 26.440000000000012
punkt4: 132.95999999999987, 61.880000000000024
punkt5: 76.0, 103.0
