punkt0: 94.5200000000001, 72.0
punkt1: 120.56000000000006, 68.1200000000001
punkt2: 108.72, 92.24000000000012
punkt3: 140.72000000000003, 94.75999999999988
punkt4: 128.0400000000002, 112.96000000000015
punkt5: 76.0, 103.0
