punkt0: 53.44999999999999, 48.60000000000005
punkt1: 75.44999999999997, 20.54999999999999
punkt2: 96.09999999999985, 50.500000000000064
punkt3: 129.15000000000006, 30.35000000000002
punkt4: 138.39999999999975, 65.44999999999999
punkt5: 76.0, 103.0
