punkt0: 71.0000000000001, 80.00000000000009
punkt1: 98.0, 83.0
punkt2: 104.99999999999986, 91.99999999999987
punkt3: 110.0, 101.0
punkt4: 105.0, 112.0
punkt5: 63.5, 105.00000000000004
