punkt0: 27.08, 58.079999999999956
punkt1: 41.28000000000006, 22.440000000000012
punkt2: 71.56000000000012, 46.0
punkt3: 92.28000000000009, 20.480000000000032
punkt4: 118.95999999999998, 55.75999999999996
punkt5: 73.59999999999997, 107.07999999999987
