punkt0: 79.88000000000007, 82.96000000000002
punkt1: 98.0, 83.0
punkt2: 93.89999999999996, 96.43999999999994
punkt3: 110.0, 101.0
punkt4: 105.0, 112.0
punkt5: 72.75, 103.52000000000007
