punkt0: 70.25999999999995, 43.680000000000014
punkt1: 100.45999999999995, 20.139999999999997
punkt2: 111.67999999999996, 54.60000000000003
punkt3: 156.61999999999998, 39.779999999999994
punkt4: 151.5199999999999, 74.05999999999999
punkt5: 76.0, 103.0
