punkt0: 79.16000000000008, 82.72000000000003
punkt1: 98.0, 83.0
punkt2: 94.79999999999995, 96.07999999999993
punkt3: 110.0, 101.0
punkt4: 105.0, 112.0
punkt5: 72.0, 103.64000000000007
