punkt0: 23.449999999999996, 59.94999999999993
punkt1: 38.20000000000006, 23.100000000000016
punkt2: 68.15000000000009, 46.0
punkt3: 89.20000000000007, 20.700000000000028
punkt4: 116.64999999999998, 55.64999999999995
punkt5: 72.49999999999994, 108.94999999999989
