punkt0: 30.38, 56.379999999999974
punkt1: 44.080000000000034, 21.840000000000007
punkt2: 74.66000000000007, 46.0
punkt3: 95.08000000000008, 20.28000000000002
punkt4: 121.05999999999999, 55.85999999999998
punkt5: 74.59999999999998, 105.37999999999992
