punkt0: 48.93999999999999, 49.920000000000066
punkt1: 68.73999999999998, 20.659999999999986
punkt2: 91.91999999999985, 49.40000000000005
punkt3: 121.78000000000006, 27.820000000000014
punkt4: 134.87999999999982, 63.14000000000003
punkt5: 76.0, 103.0
