punkt0: 99.32000000000014, 67.0
punkt1: 129.96000000000004, 61.92000000000007
punkt2: 116.52000000000001, 89.84000000000015
punkt3: 153.52000000000004, 92.15999999999985
punkt4: 137.64000000000027, 113.36000000000013
punkt5: 76.0, 103.0
