punkt0: 79.72000000000003, 44.04000000000002
punkt1: 113.32, 23.840000000000003
punkt2: 118.44000000000005, 59.599999999999966
punkt3: 166.96000000000015, 48.400000000000034
punkt4: 155.64, 81.44000000000005
punkt5: 76.0, 103.0
