punkt0: 95.2400000000001, 71.25
punkt1: 121.97000000000006, 67.1900000000001
punkt2: 109.89, 91.88000000000014
punkt3: 142.64000000000004, 94.36999999999986
punkt4: 129.4800000000002, 113.02000000000015
punkt5: 76.0, 103.0
