punkt0: 91.50000000000011, 50.500000000000085
punkt1: 126.99999999999997, 36.000000000000014
punkt2: 123.00000000000013, 70.99999999999989
punkt3: 170.00000000000009, 65.50000000000004
punkt4: 154.49999999999994, 95.50000000000013
punkt5: 76.0, 103.0
