punkt0: 96.15000000000015, 53.05000000000007
punkt1: 132.40000000000003, 40.80000000000002
punkt2: 124.8000000000001, 75.49999999999986
punkt3: 171.20000000000005, 72.25000000000009
punkt4: 154.04999999999993, 101.0500000000001
punkt5: 76.0, 103.0
