punkt0: 29.06, 57.05999999999997
punkt1: 42.96000000000004, 22.08000000000001
punkt2: 73.42000000000009, 46.0
punkt3: 93.9600000000001, 20.360000000000024
punkt4: 120.21999999999998, 55.81999999999997
punkt5: 74.19999999999997, 106.0599999999999
