punkt0: 21.139999999999997, 61.13999999999992
punkt1: 36.24000000000005, 23.52000000000002
punkt2: 65.98000000000008, 46.0
punkt3: 87.24000000000007, 20.840000000000025
punkt4: 115.17999999999996, 55.579999999999934
punkt5: 71.79999999999994, 110.1399999999999
