punkt0: 63.32000000000004, 77.4400000000001
punkt1: 98.0, 83.0
punkt2: 114.59999999999992, 88.15999999999995
punkt3: 110.0, 101.0
punkt4: 105.0, 112.0
punkt5: 55.5, 106.28000000000002
