punkt0: 33.67999999999999, 54.67999999999999
punkt1: 46.88000000000001, 21.240000000000002
punkt2: 77.76000000000002, 46.0
punkt3: 97.88000000000002, 20.080000000000005
punkt4: 123.16, 55.959999999999994
punkt5: 75.6, 103.67999999999998
