punkt0: 98.32000000000014, 54.24000000000005
punkt1: 134.92000000000002, 43.04000000000002
punkt2: 125.64000000000007, 77.59999999999988
punkt3: 171.76000000000005, 75.4000000000001
punkt4: 153.83999999999992, 103.64000000000007
punkt5: 76.0, 103.0
