punkt0: 97.88000000000012, 68.5
punkt1: 127.14000000000004, 63.78000000000008
punkt2: 114.18, 90.56000000000016
punkt3: 149.68000000000004, 92.93999999999984
punkt4: 134.76000000000025, 113.24000000000015
punkt5: 76.0, 103.0
