punkt0: 101.00000000000013, 65.25
punkt1: 133.25000000000003, 59.75000000000006
punkt2: 119.25000000000001, 89.00000000000011
punkt3: 158.00000000000006, 91.24999999999989
punkt4: 141.00000000000026, 113.5000000000001
punkt5: 76.0, 103.0
