punkt0: 34.67, 54.17
punkt1: 47.72, 21.060000000000002
punkt2: 78.69, 46.0
punkt3: 98.72, 20.020000000000003
punkt4: 123.78999999999999, 55.989999999999995
punkt5: 75.9, 103.16999999999999
