punkt0: 93.36000000000013, 51.52000000000008
punkt1: 129.16000000000003, 37.920000000000016
punkt2: 123.72000000000011, 72.79999999999987
punkt3: 170.48000000000008, 68.20000000000006
punkt4: 154.31999999999994, 97.72000000000011
punkt5: 76.0, 103.0
