punkt0: 31.04, 56.03999999999998
punkt1: 44.64000000000003, 21.720000000000006
punkt2: 75.28000000000006, 46.0
punkt3: 95.64000000000007, 20.240000000000016
punkt4: 121.47999999999999, 55.87999999999998
punkt5: 74.79999999999998, 105.03999999999994
