punkt0: 45.65999999999999, 50.88000000000007
punkt1: 63.859999999999985, 20.739999999999984
punkt2: 88.87999999999988, 48.60000000000004
punkt3: 116.42000000000004, 25.98000000000001
punkt4: 132.31999999999988, 61.46000000000002
punkt5: 76.0, 103.0
