punkt0: 2.960000000000001, 70.83999999999997
punkt1: 20.39999999999999, 28.200000000000017
punkt2: 48.16, 46.559999999999974
punkt3: 71.23999999999995, 23.36
punkt4: 102.04000000000002, 55.08000000000001
punkt5: 65.68, 118.80000000000001
