punkt0: 75.59, 42.120000000000005
punkt1: 108.38999999999999, 20.009999999999998
punkt2: 116.62, 55.900000000000006
punkt3: 165.32999999999998, 42.769999999999996
punkt4: 155.68, 76.78999999999999
punkt5: 76.0, 103.0
