punkt0: 62.84000000000004, 77.28000000000009
punkt1: 98.0, 83.0
punkt2: 115.19999999999993, 87.91999999999996
punkt3: 110.0, 101.0
punkt4: 105.0, 112.0
punkt5: 55.0, 106.36000000000001
