punkt0: 37.04999999999998, 53.40000000000001
punkt1: 51.05, 20.949999999999992
punkt2: 80.89999999999998, 46.50000000000001
punkt3: 102.35000000000001, 21.150000000000002
punkt4: 125.59999999999997, 57.050000000000004
punkt5: 76.0, 103.0
