punkt0: 6.920000000000004, 70.17999999999986
punkt1: 22.049999999999958, 33.150000000000084
punkt2: 48.819999999999986, 48.86999999999998
punkt3: 72.22999999999993, 28.969999999999963
punkt4: 98.0800000000001, 55.41000000000007
punkt5: 64.36000000000001, 113.85000000000005
