punkt0: 104.36000000000006, 61.75
punkt1: 139.83, 55.410000000000025
punkt2: 124.71000000000002, 87.32000000000005
punkt3: 166.96000000000004, 89.42999999999995
punkt4: 147.7200000000001, 113.78000000000004
punkt5: 76.0, 103.0
