punkt0: 102.66000000000007, 56.620000000000026
punkt1: 139.96, 47.520000000000024
punkt2: 127.32000000000004, 81.79999999999994
punkt3: 172.88000000000002, 81.70000000000006
punkt4: 153.4199999999999, 108.82000000000004
punkt5: 76.0, 103.0
