punkt0: 54.67999999999999, 48.24000000000005
punkt1: 77.27999999999997, 20.51999999999999
punkt2: 97.23999999999987, 50.80000000000007
punkt3: 131.16000000000003, 31.04000000000002
punkt4: 139.35999999999973, 66.07999999999997
punkt5: 76.0, 103.0
