punkt0: 10.520000000000007, 69.57999999999988
punkt1: 23.54999999999998, 37.65000000000004
punkt2: 49.41999999999997, 50.96999999999999
punkt3: 73.12999999999997, 34.06999999999995
punkt4: 94.48000000000013, 55.71000000000006
punkt5: 63.159999999999975, 109.35000000000011
