punkt0: 62.879999999999995, 45.84000000000003
punkt1: 89.47999999999996, 20.319999999999993
punkt2: 104.83999999999992, 52.80000000000007
punkt3: 144.55999999999995, 35.639999999999986
punkt4: 145.75999999999976, 70.27999999999997
punkt5: 76.0, 103.0
