punkt0: 73.53999999999998, 42.720000000000006
punkt1: 105.33999999999996, 20.06
punkt2: 114.71999999999998, 55.40000000000001
punkt3: 161.98, 41.62
punkt4: 154.07999999999996, 75.74
punkt5: 76.0, 103.0
