punkt0: 75.56000000000013, 81.52000000000005
punkt1: 98.0, 83.0
punkt2: 99.29999999999991, 94.27999999999986
punkt3: 110.0, 101.0
punkt4: 105.0, 112.0
punkt5: 68.25, 104.24000000000007
