punkt0: 76.62, 42.34
punkt1: 109.72, 20.64
punkt2: 117.24000000000001, 56.599999999999994
punkt3: 166.16000000000003, 43.900000000000006
punkt4: 155.94, 77.74000000000001
punkt5: 76.0, 103.0
