punkt0: 68.12000000000008, 79.0400000000001
punkt1: 98.0, 83.0
punkt2: 108.59999999999984, 90.5599999999999
punkt3: 110.0, 101.0
punkt4: 105.0, 112.0
punkt5: 60.5, 105.48000000000003
