punkt0: 44.42999999999999, 51.24000000000006
punkt1: 62.02999999999999, 20.769999999999982
punkt2: 87.7399999999999, 48.30000000000003
punkt3: 114.41000000000004, 25.29000000000001
punkt4: 131.3599999999999, 60.83000000000002
punkt5: 76.0, 103.0
