punkt0: 40.73999999999999, 52.320000000000036
punkt1: 56.53999999999999, 20.85999999999998
punkt2: 84.31999999999994, 47.40000000000002
punkt3: 108.38000000000002, 23.220000000000006
punkt4: 128.47999999999996, 58.94000000000001
punkt5: 76.0, 103.0
