punkt0: 83.72, 83.25
punkt1: 99.41000000000003, 82.07000000000002
punkt2: 91.16999999999999, 97.64000000000001
punkt3: 111.91999999999999, 100.60999999999999
punkt4: 106.44000000000001, 112.06
punkt5: 76.0, 103.0
