punkt0: 28.729999999999997, 57.22999999999996
punkt1: 42.68000000000005, 22.140000000000008
punkt2: 73.1100000000001, 46.0
punkt3: 93.68000000000009, 20.380000000000024
punkt4: 120.00999999999999, 55.809999999999974
punkt5: 74.09999999999997, 106.2299999999999
