punkt0: 21.799999999999997, 60.799999999999926
punkt1: 36.800000000000054, 23.40000000000002
punkt2: 66.60000000000008, 46.0
punkt3: 87.80000000000007, 20.800000000000026
punkt4: 115.59999999999997, 55.59999999999994
punkt5: 71.99999999999994, 109.7999999999999
