punkt0: 104.84000000000005, 61.25
punkt1: 140.77, 54.79000000000002
punkt2: 125.49000000000002, 87.08000000000004
punkt3: 168.24000000000007, 89.16999999999996
punkt4: 148.6800000000001, 113.82000000000004
punkt5: 76.0, 103.0
