punkt0: 10.880000000000006, 69.5199999999999
punkt1: 23.69999999999998, 38.10000000000004
punkt2: 49.47999999999997, 51.17999999999999
punkt3: 73.21999999999997, 34.579999999999956
punkt4: 94.12000000000012, 55.74000000000005
punkt5: 63.03999999999998, 108.9000000000001
