punkt0: 19.489999999999995, 61.98999999999991
punkt1: 34.840000000000046, 23.82000000000002
punkt2: 64.43000000000006, 46.0
punkt3: 85.84000000000006, 20.940000000000023
punkt4: 114.12999999999997, 55.52999999999993
punkt5: 71.29999999999993, 110.98999999999991
