punkt0: 86.23000000000008, 47.610000000000056
punkt1: 120.87999999999998, 30.56000000000001
punkt2: 120.96000000000015, 65.89999999999993
punkt3: 168.6400000000001, 57.85000000000005
punkt4: 155.00999999999996, 89.21000000000015
punkt5: 76.0, 103.0
