punkt0: 24.439999999999998, 59.43999999999994
punkt1: 39.04000000000006, 22.920000000000016
punkt2: 69.0800000000001, 46.0
punkt3: 90.04000000000008, 20.64000000000003
punkt4: 117.27999999999997, 55.67999999999995
punkt5: 72.79999999999995, 108.43999999999988
