punkt0: 103.40000000000008, 62.75
punkt1: 137.95000000000002, 56.650000000000034
punkt2: 123.15000000000002, 87.80000000000007
punkt3: 164.40000000000006, 89.94999999999993
punkt4: 145.80000000000015, 113.70000000000006
punkt5: 76.0, 103.0
