punkt0: 6.320000000000004, 70.27999999999989
punkt1: 21.79999999999996, 32.40000000000008
punkt2: 48.719999999999985, 48.51999999999998
punkt3: 72.07999999999993, 28.119999999999973
punkt4: 98.68000000000009, 55.360000000000056
punkt5: 64.56000000000003, 114.60000000000005
