punkt0: 86.36000000000003, 80.5
punkt1: 104.58000000000008, 78.66000000000007
punkt2: 95.45999999999998, 96.32000000000004
punkt3: 118.96, 99.17999999999996
punkt4: 111.72000000000006, 112.28000000000004
punkt5: 76.0, 103.0
