punkt0: 100.4900000000001, 55.430000000000035
punkt1: 137.44, 45.28000000000002
punkt2: 126.48000000000005, 79.6999999999999
punkt3: 172.32000000000005, 78.5500000000001
punkt4: 153.6299999999999, 106.23000000000005
punkt5: 76.0, 103.0
