punkt0: 102.92000000000009, 63.25
punkt1: 137.01000000000002, 57.27000000000004
punkt2: 122.37000000000002, 88.04000000000008
punkt3: 163.12000000000006, 90.20999999999992
punkt4: 144.84000000000017, 113.66000000000007
punkt5: 76.0, 103.0
