punkt0: 5.120000000000003, 70.47999999999992
punkt1: 21.299999999999972, 30.900000000000055
punkt2: 48.51999999999999, 47.81999999999998
punkt3: 71.77999999999992, 26.41999999999999
punkt4: 99.88000000000007, 55.26000000000004
punkt5: 64.96000000000002, 116.10000000000004
