punkt0: 79.41000000000003, 43.87000000000002
punkt1: 112.96, 23.520000000000003
punkt2: 118.32000000000005, 59.29999999999997
punkt3: 166.88000000000014, 47.95000000000003
punkt4: 155.67, 81.07000000000005
punkt5: 76.0, 103.0
