punkt0: 32.36, 55.359999999999985
punkt1: 45.76000000000002, 21.480000000000004
punkt2: 76.52000000000004, 46.0
punkt3: 96.76000000000005, 20.16000000000001
punkt4: 122.32, 55.91999999999999
punkt5: 75.19999999999999, 104.35999999999996
