punkt0: 105.45000000000002, 58.150000000000006
punkt1: 143.2, 50.40000000000002
punkt2: 128.40000000000003, 84.49999999999997
punkt3: 173.60000000000002, 85.75000000000003
punkt4: 153.14999999999992, 112.15
punkt5: 76.0, 103.0
