punkt0: 72.6800000000001, 80.56000000000007
punkt1: 98.0, 83.0
punkt2: 102.89999999999988, 92.83999999999986
punkt3: 110.0, 101.0
punkt4: 105.0, 112.0
punkt5: 65.25, 104.72000000000006
