punkt0: 11.240000000000002, 66.23999999999995
punkt1: 27.840000000000032, 25.320000000000036
punkt2: 56.680000000000064, 46.0
punkt3: 78.84000000000003, 21.440000000000012
punkt4: 108.87999999999994, 55.279999999999944
punkt5: 68.7999999999999, 115.23999999999995
