punkt0: 5.600000000000003, 70.3999999999999
punkt1: 21.499999999999968, 31.500000000000064
punkt2: 48.59999999999999, 48.09999999999998
punkt3: 71.89999999999992, 27.099999999999984
punkt4: 99.40000000000008, 55.30000000000005
punkt5: 64.80000000000003, 115.50000000000004
