punkt0: 98.12000000000012, 68.25
punkt1: 127.61000000000004, 63.470000000000084
punkt2: 114.57000000000001, 90.44000000000017
punkt3: 150.32000000000005, 92.80999999999983
punkt4: 135.24000000000024, 113.26000000000015
punkt5: 76.0, 103.0
