punkt0: 4.640000000000001, 69.63999999999999
punkt1: 22.24000000000001, 26.52000000000001
punkt2: 50.48000000000002, 46.0
punkt3: 73.24000000000001, 21.840000000000003
punkt4: 104.67999999999995, 55.079999999999984
punkt5: 66.79999999999995, 118.63999999999999
