punkt0: 65.96000000000006, 78.32000000000012
punkt1: 98.0, 83.0
punkt2: 111.29999999999987, 89.47999999999993
punkt3: 110.0, 101.0
punkt4: 105.0, 112.0
punkt5: 58.25, 105.84000000000003
