punkt0: 79.40000000000008, 82.80000000000003
punkt1: 98.0, 83.0
punkt2: 94.49999999999996, 96.19999999999993
punkt3: 110.0, 101.0
punkt4: 105.0, 112.0
punkt5: 72.25, 103.60000000000008
