punkt0: 67.38999999999997, 44.520000000000024
punkt1: 96.18999999999996, 20.209999999999994
punkt2: 109.01999999999995, 53.90000000000005
punkt3: 151.92999999999995, 38.16999999999999
punkt4: 149.27999999999986, 72.58999999999997
punkt5: 76.0, 103.0
