punkt0: 106.52000000000001, 59.5
punkt1: 144.06, 52.620000000000005
punkt2: 128.22000000000003, 86.24000000000001
punkt3: 172.72000000000003, 88.25999999999999
punkt4: 152.04000000000002, 113.96000000000001
punkt5: 76.0, 103.0
