punkt0: 2.24, 70.96
punkt1: 20.099999999999998, 27.300000000000004
punkt2: 48.04, 46.13999999999999
punkt3: 71.05999999999999, 22.34
punkt4: 102.76, 55.02
punkt5: 65.92, 119.7
