punkt0: 81.27000000000004, 44.89000000000003
punkt1: 115.11999999999999, 25.440000000000005
punkt2: 119.04000000000008, 61.09999999999995
punkt3: 167.36000000000013, 50.65000000000005
punkt4: 155.48999999999998, 83.29000000000008
punkt5: 76.0, 103.0
