punkt0: 85.92000000000007, 47.440000000000055
punkt1: 120.51999999999998, 30.24000000000001
punkt2: 120.84000000000015, 65.59999999999994
punkt3: 168.56000000000012, 57.40000000000005
punkt4: 155.03999999999996, 88.84000000000015
punkt5: 76.0, 103.0
