punkt0: 77.48000000000012, 82.16000000000004
punkt1: 98.0, 83.0
punkt2: 96.89999999999993, 95.2399999999999
punkt3: 110.0, 101.0
punkt4: 105.0, 112.0
punkt5: 70.25, 103.92000000000007
