punkt0: 73.64000000000013, 80.88000000000007
punkt1: 98.0, 83.0
punkt2: 101.69999999999989, 93.31999999999985
punkt3: 110.0, 101.0
punkt4: 105.0, 112.0
punkt5: 66.25, 104.56000000000006
