punkt0: 61.64999999999999, 46.20000000000003
punkt1: 87.64999999999996, 20.349999999999994
punkt2: 103.6999999999999, 52.50000000000007
punkt3: 142.54999999999993, 34.94999999999998
punkt4: 144.79999999999973, 69.64999999999998
punkt5: 76.0, 103.0
