punkt0: 26.089999999999996, 58.58999999999995
punkt1: 40.44000000000007, 22.62000000000001
punkt2: 70.63000000000011, 46.0
punkt3: 91.44000000000008, 20.54000000000003
punkt4: 118.32999999999998, 55.72999999999996
punkt5: 73.29999999999995, 107.58999999999988
