punkt0: 101.73000000000008, 56.11000000000003
punkt1: 138.88, 46.560000000000024
punkt2: 126.96000000000004, 80.89999999999992
punkt3: 172.64000000000004, 80.35000000000008
punkt4: 153.5099999999999, 107.71000000000004
punkt5: 76.0, 103.0
