punkt0: 60.419999999999995, 46.56000000000004
punkt1: 85.81999999999996, 20.379999999999992
punkt2: 102.5599999999999, 52.20000000000008
punkt3: 140.53999999999994, 34.25999999999999
punkt4: 143.83999999999972, 69.01999999999997
punkt5: 76.0, 103.0
