punkt0: 48.52999999999999, 50.04000000000007
punkt1: 68.12999999999998, 20.669999999999987
punkt2: 91.53999999999985, 49.30000000000005
punkt3: 121.11000000000006, 27.590000000000014
punkt4: 134.55999999999983, 62.93000000000003
punkt5: 76.0, 103.0
