punkt0: 95.96000000000011, 70.5
punkt1: 123.38000000000005, 66.26000000000009
punkt2: 111.06, 91.52000000000014
punkt3: 144.56000000000003, 93.97999999999986
punkt4: 130.92000000000021, 113.08000000000017
punkt5: 76.0, 103.0
