punkt0: 2.8400000000000007, 70.85999999999999
punkt1: 20.349999999999994, 28.050000000000015
punkt2: 48.14, 46.48999999999998
punkt3: 71.20999999999995, 23.189999999999998
punkt4: 102.16000000000003, 55.07000000000001
punkt5: 65.72, 118.95000000000002
