punkt0: 7.280000000000001, 68.27999999999997
punkt1: 24.480000000000018, 26.04000000000002
punkt2: 52.960000000000036, 46.0
punkt3: 75.48000000000002, 21.680000000000007
punkt4: 106.35999999999993, 55.15999999999997
punkt5: 67.59999999999991, 117.27999999999997
