punkt0: 8.960000000000006, 69.83999999999983
punkt1: 22.89999999999997, 35.70000000000006
punkt2: 49.159999999999975, 50.05999999999999
punkt3: 72.73999999999995, 31.859999999999932
punkt4: 96.04000000000015, 55.580000000000084
punkt5: 63.679999999999964, 111.30000000000008
