punkt0: 83.44000000000005, 46.08000000000004
punkt1: 117.63999999999999, 27.680000000000007
punkt2: 119.88000000000011, 63.199999999999946
punkt3: 167.92000000000013, 53.800000000000054
punkt4: 155.27999999999997, 85.88000000000011
punkt5: 76.0, 103.0
