punkt0: 10.250000000000002, 66.74999999999996
punkt1: 27.00000000000003, 25.500000000000032
punkt2: 55.75000000000006, 46.0
punkt3: 78.00000000000003, 21.50000000000001
punkt4: 108.24999999999994, 55.24999999999995
punkt5: 68.49999999999989, 115.74999999999996
