punkt0: 67.16000000000007, 78.72000000000011
punkt1: 98.0, 83.0
punkt2: 109.79999999999986, 90.07999999999991
punkt3: 110.0, 101.0
punkt4: 105.0, 112.0
punkt5: 59.5, 105.64000000000003
