punkt0: 59.599999999999994, 46.80000000000004
punkt1: 84.59999999999997, 20.39999999999999
punkt2: 101.7999999999999, 52.000000000000085
punkt3: 139.19999999999993, 33.8
punkt4: 143.1999999999997, 68.59999999999997
punkt5: 76.0, 103.0
