punkt0: 77.00000000000013, 82.00000000000004
punkt1: 98.0, 83.0
punkt2: 97.49999999999993, 94.99999999999989
punkt3: 110.0, 101.0
punkt4: 105.0, 112.0
punkt5: 69.75, 104.00000000000006
