punkt0: 81.56000000000003, 83.52000000000001
punkt1: 98.0, 83.0
punkt2: 91.79999999999998, 97.27999999999997
punkt3: 110.0, 101.0
punkt4: 105.0, 112.0
punkt5: 74.5, 103.24000000000004
