punkt0: 93.05000000000013, 51.35000000000008
punkt1: 128.8, 37.600000000000016
punkt2: 123.60000000000011, 72.49999999999987
punkt3: 170.4000000000001, 67.75000000000006
punkt4: 154.34999999999994, 97.35000000000011
punkt5: 76.0, 103.0
