punkt0: 91.81000000000012, 50.67000000000009
punkt1: 127.35999999999997, 36.320000000000014
punkt2: 123.12000000000012, 71.29999999999988
punkt3: 170.0800000000001, 65.95000000000005
punkt4: 154.46999999999994, 95.87000000000012
punkt5: 76.0, 103.0
