punkt0: 5.480000000000003, 70.4199999999999
punkt1: 21.449999999999967, 31.350000000000062
punkt2: 48.579999999999984, 48.02999999999998
punkt3: 71.86999999999992, 26.929999999999986
punkt4: 99.52000000000007, 55.29000000000005
punkt5: 64.84000000000003, 115.65000000000003
