punkt0: 12.680000000000009, 69.21999999999996
punkt1: 24.449999999999992, 40.350000000000016
punkt2: 49.779999999999966, 52.23
punkt3: 73.66999999999999, 37.12999999999998
punkt4: 92.32000000000005, 55.89000000000002
punkt5: 62.43999999999999, 106.65000000000006
