punkt0: 6.680000000000004, 70.21999999999989
punkt1: 21.949999999999957, 32.85000000000008
punkt2: 48.77999999999999, 48.72999999999998
punkt3: 72.16999999999993, 28.629999999999967
punkt4: 98.3200000000001, 55.39000000000006
punkt5: 64.44000000000003, 114.15000000000006
