punkt0: 84.68000000000006, 46.76000000000005
punkt1: 119.07999999999998, 28.960000000000008
punkt2: 120.36000000000013, 64.39999999999995
punkt3: 168.24000000000012, 55.60000000000005
punkt4: 155.15999999999997, 87.36000000000013
punkt5: 76.0, 103.0
