punkt0: 29.39, 56.88999999999997
punkt1: 43.24000000000004, 22.020000000000007
punkt2: 73.73000000000008, 46.0
punkt3: 94.2400000000001, 20.340000000000025
punkt4: 120.42999999999998, 55.82999999999997
punkt5: 74.29999999999998, 105.8899999999999
