punkt0: 14.540000000000003, 64.53999999999994
punkt1: 30.64000000000004, 24.72000000000003
punkt2: 59.78000000000008, 46.0
punkt3: 81.64000000000004, 21.240000000000016
punkt4: 110.97999999999995, 55.379999999999924
punkt5: 69.79999999999991, 113.53999999999994
