punkt0: 74.36000000000013, 81.12000000000006
punkt1: 98.0, 83.0
punkt2: 100.7999999999999, 93.67999999999984
punkt3: 110.0, 101.0
punkt4: 105.0, 112.0
punkt5: 67.0, 104.44000000000005
