punkt0: 5.840000000000003, 70.3599999999999
punkt1: 21.599999999999966, 31.800000000000068
punkt2: 48.639999999999986, 48.23999999999998
punkt3: 71.95999999999992, 27.43999999999998
punkt4: 99.16000000000008, 55.32000000000005
punkt5: 64.72000000000003, 115.20000000000005
