punkt0: 75.17999999999999, 42.24
punkt1: 107.77999999999999, 20.02
punkt2: 116.24, 55.800000000000004
punkt3: 164.66, 42.54
punkt4: 155.35999999999999, 76.58
punkt5: 76.0, 103.0
