punkt0: 50.16999999999999, 49.56000000000006
punkt1: 70.56999999999998, 20.62999999999999
punkt2: 93.05999999999983, 49.70000000000005
punkt3: 123.79000000000006, 28.510000000000016
punkt4: 135.8399999999998, 63.77000000000003
punkt5: 76.0, 103.0
