punkt0: 87.32000000000004, 79.5
punkt1: 106.4600000000001, 77.42000000000009
punkt2: 97.01999999999998, 95.84000000000005
punkt3: 121.52, 98.65999999999995
punkt4: 113.64000000000007, 112.36000000000006
punkt5: 76.0, 103.0
