punkt0: 60.83, 46.44000000000004
punkt1: 86.42999999999996, 20.36999999999999
punkt2: 102.93999999999991, 52.30000000000008
punkt3: 141.20999999999992, 34.48999999999999
punkt4: 144.15999999999974, 69.22999999999996
punkt5: 76.0, 103.0
