punkt0: 62.360000000000035, 77.12000000000008
punkt1: 98.0, 83.0
punkt2: 115.79999999999994, 87.67999999999996
punkt3: 110.0, 101.0
punkt4: 105.0, 112.0
punkt5: 54.5, 106.44000000000001
