punkt0: 78.79000000000002, 43.530000000000015
punkt1: 112.24, 22.880000000000003
punkt2: 118.08000000000004, 58.699999999999974
punkt3: 166.7200000000001, 47.050000000000026
punkt4: 155.73, 80.33000000000004
punkt5: 76.0, 103.0
