punkt0: 57.55, 47.40000000000005
punkt1: 81.54999999999997, 20.44999999999999
punkt2: 99.89999999999989, 51.50000000000008
punkt3: 135.84999999999994, 32.65000000000001
punkt4: 141.59999999999968, 67.54999999999995
punkt5: 76.0, 103.0
