punkt0: 89.00000000000006, 77.75
punkt1: 109.75000000000009, 75.25000000000013
punkt2: 99.74999999999999, 95.00000000000006
punkt3: 126.0, 97.74999999999994
punkt4: 117.0000000000001, 112.50000000000009
punkt5: 76.0, 103.0
