punkt0: 11.570000000000002, 66.06999999999995
punkt1: 28.120000000000033, 25.260000000000034
punkt2: 56.990000000000066, 46.0
punkt3: 79.12000000000003, 21.420000000000012
punkt4: 109.08999999999995, 55.28999999999994
punkt5: 68.89999999999989, 115.06999999999995
