punkt0: 75.32000000000014, 81.44000000000005
punkt1: 98.0, 83.0
punkt2: 99.59999999999991, 94.15999999999985
punkt3: 110.0, 101.0
punkt4: 105.0, 112.0
punkt5: 68.0, 104.28000000000006
