punkt0: 96.68000000000012, 69.75
punkt1: 124.79000000000005, 65.33000000000008
punkt2: 112.23, 91.16000000000014
punkt3: 146.48000000000002, 93.58999999999986
punkt4: 132.36000000000024, 113.14000000000017
punkt5: 76.0, 103.0
