punkt0: 5.300000000000001, 69.29999999999998
punkt1: 22.80000000000001, 26.400000000000013
punkt2: 51.10000000000002, 46.0
punkt3: 73.80000000000001, 21.800000000000004
punkt4: 105.09999999999994, 55.09999999999998
punkt5: 66.99999999999994, 118.29999999999998
