punkt0: 9.920000000000007, 69.67999999999986
punkt1: 23.299999999999976, 36.90000000000005
punkt2: 49.31999999999997, 50.61999999999999
punkt3: 72.97999999999996, 33.21999999999994
punkt4: 95.08000000000015, 55.66000000000007
punkt5: 63.35999999999997, 110.1000000000001
