punkt0: 11.360000000000008, 69.43999999999991
punkt1: 23.899999999999984, 38.70000000000003
punkt2: 49.55999999999997, 51.459999999999994
punkt3: 73.33999999999997, 35.25999999999996
punkt4: 93.6400000000001, 55.780000000000044
punkt5: 62.87999999999998, 108.30000000000011
