punkt0: 74.60000000000014, 81.20000000000006
punkt1: 98.0, 83.0
punkt2: 100.4999999999999, 93.79999999999984
punkt3: 110.0, 101.0
punkt4: 105.0, 112.0
punkt5: 67.25, 104.40000000000006
