punkt0: 73.12999999999997, 42.84
punkt1: 104.72999999999996, 20.07
punkt2: 114.33999999999997, 55.30000000000001
punkt3: 161.31, 41.39
punkt4: 153.75999999999993, 75.53
punkt5: 76.0, 103.0
