punkt0: 12.56000000000001, 69.23999999999995
punkt1: 24.39999999999999, 40.20000000000002
punkt2: 49.75999999999996, 52.16
punkt3: 73.63999999999999, 36.95999999999998
punkt4: 92.44000000000005, 55.880000000000024
punkt5: 62.47999999999999, 106.80000000000007
