punkt0: 26.75, 58.24999999999996
punkt1: 41.000000000000064, 22.50000000000001
punkt2: 71.25000000000011, 46.0
punkt3: 92.00000000000009, 20.500000000000032
punkt4: 118.74999999999997, 55.74999999999996
punkt5: 73.49999999999997, 107.24999999999987
