punkt0: 99.25000000000011, 54.75000000000004
punkt1: 136.0, 44.00000000000002
punkt2: 126.00000000000006, 78.49999999999989
punkt3: 172.00000000000006, 76.75000000000011
punkt4: 153.74999999999991, 104.75000000000006
punkt5: 76.0, 103.0
