punkt0: 26.419999999999998, 58.41999999999995
punkt1: 40.72000000000006, 22.560000000000013
punkt2: 70.94000000000011, 46.0
punkt3: 91.72000000000008, 20.52000000000003
punkt4: 118.53999999999998, 55.73999999999996
punkt5: 73.39999999999996, 107.41999999999987
