punkt0: 8.270000000000001, 67.76999999999997
punkt1: 25.32000000000002, 25.860000000000024
punkt2: 53.89000000000004, 46.0
punkt3: 76.32000000000002, 21.620000000000008
punkt4: 106.98999999999992, 55.18999999999996
punkt5: 67.89999999999989, 116.76999999999997
