punkt0: 102.04000000000008, 56.28000000000003
punkt1: 139.24, 46.880000000000024
punkt2: 127.08000000000004, 81.19999999999993
punkt3: 172.72000000000003, 80.80000000000007
punkt4: 153.4799999999999, 108.08000000000004
punkt5: 76.0, 103.0
