punkt0: 20.479999999999997, 61.47999999999992
punkt1: 35.68000000000005, 23.640000000000022
punkt2: 65.36000000000007, 46.0
punkt3: 86.68000000000006, 20.880000000000024
punkt4: 114.75999999999996, 55.55999999999993
punkt5: 71.59999999999994, 110.4799999999999
