punkt0: 105.14000000000003, 57.98000000000001
punkt1: 142.84, 50.08000000000002
punkt2: 128.28000000000003, 84.19999999999997
punkt3: 173.52, 85.30000000000003
punkt4: 153.17999999999992, 111.78000000000002
punkt5: 76.0, 103.0
