punkt0: 27.74, 57.73999999999996
punkt1: 41.84000000000005, 22.32000000000001
punkt2: 72.1800000000001, 46.0
punkt3: 92.84000000000009, 20.44000000000003
punkt4: 119.37999999999998, 55.779999999999966
punkt5: 73.79999999999997, 106.73999999999988
