punkt0: 3.8000000000000016, 70.69999999999996
punkt1: 20.749999999999986, 29.250000000000032
punkt2: 48.3, 47.049999999999976
punkt3: 71.4499999999999, 24.549999999999997
punkt4: 101.20000000000005, 55.15000000000002
punkt5: 65.4, 117.75000000000003
