punkt0: 50.57999999999999, 49.44000000000006
punkt1: 71.17999999999998, 20.619999999999987
punkt2: 93.43999999999984, 49.800000000000054
punkt3: 124.46000000000006, 28.740000000000016
punkt4: 136.1599999999998, 63.98000000000003
punkt5: 76.0, 103.0
