punkt0: 25.43, 58.92999999999995
punkt1: 39.88000000000007, 22.740000000000016
punkt2: 70.0100000000001, 46.0
punkt3: 90.88000000000008, 20.58000000000003
punkt4: 117.90999999999997, 55.70999999999995
punkt5: 73.09999999999997, 107.92999999999988
