punkt0: 10.760000000000007, 69.53999999999989
punkt1: 23.64999999999998, 37.95000000000004
punkt2: 49.459999999999965, 51.10999999999999
punkt3: 73.18999999999997, 34.409999999999954
punkt4: 94.24000000000012, 55.730000000000054
punkt5: 63.07999999999998, 109.05000000000011
