punkt0: 11.720000000000008, 69.37999999999992
punkt1: 24.049999999999986, 39.15000000000003
punkt2: 49.61999999999997, 51.669999999999995
punkt3: 73.42999999999998, 35.76999999999997
punkt4: 93.28000000000009, 55.81000000000004
punkt5: 62.759999999999984, 107.85000000000011
