punkt0: 70.7600000000001, 79.92000000000009
punkt1: 98.0, 83.0
punkt2: 105.29999999999986, 91.87999999999988
punkt3: 110.0, 101.0
punkt4: 105.0, 112.0
punkt5: 63.25, 105.04000000000005
