punkt0: 106.07000000000002, 58.49000000000001
punkt1: 143.92000000000002, 51.040000000000006
punkt2: 128.64000000000004, 85.1
punkt3: 173.76, 86.65
punkt4: 153.08999999999997, 112.89000000000001
punkt5: 76.0, 103.0
