punkt0: 9.680000000000007, 69.71999999999986
punkt1: 23.199999999999974, 36.60000000000005
punkt2: 49.27999999999997, 50.47999999999999
punkt3: 72.91999999999996, 32.87999999999994
punkt4: 95.32000000000016, 55.64000000000007
punkt5: 63.43999999999997, 110.40000000000009
