punkt0: 17.179999999999996, 63.17999999999992
punkt1: 32.88000000000004, 24.240000000000027
punkt2: 62.26000000000007, 46.0
punkt3: 83.88000000000005, 21.08000000000002
punkt4: 112.65999999999995, 55.459999999999916
punkt5: 70.59999999999992, 112.17999999999992
