punkt0: 48.11999999999999, 50.16000000000007
punkt1: 67.51999999999998, 20.679999999999986
punkt2: 91.15999999999985, 49.200000000000045
punkt3: 120.44000000000005, 27.360000000000014
punkt4: 134.23999999999984, 62.72000000000003
punkt5: 76.0, 103.0
