punkt0: 103.64000000000007, 62.5
punkt1: 138.42000000000002, 56.34000000000003
punkt2: 123.54000000000002, 87.68000000000006
punkt3: 165.04000000000005, 89.81999999999994
punkt4: 146.28000000000014, 113.72000000000006
punkt5: 76.0, 103.0
