punkt0: 95.53000000000014, 52.710000000000065
punkt1: 131.68, 40.16000000000002
punkt2: 124.56000000000009, 74.89999999999985
punkt3: 171.04000000000008, 71.35000000000008
punkt4: 154.10999999999993, 100.31000000000009
punkt5: 76.0, 103.0
