punkt0: 68.61999999999996, 44.16000000000002
punkt1: 98.01999999999995, 20.179999999999996
punkt2: 110.15999999999995, 54.20000000000004
punkt3: 153.93999999999997, 38.85999999999999
punkt4: 150.23999999999987, 73.21999999999998
punkt5: 76.0, 103.0
