punkt0: 72.71999999999997, 42.96000000000001
punkt1: 104.11999999999995, 20.08
punkt2: 113.95999999999998, 55.20000000000002
punkt3: 160.64, 41.16
punkt4: 153.43999999999994, 75.32
punkt5: 76.0, 103.0
