punkt0: 38.27999999999999, 53.04000000000002
punkt1: 52.879999999999995, 20.919999999999987
punkt2: 82.03999999999996, 46.80000000000001
punkt3: 104.36000000000001, 21.840000000000003
punkt4: 126.55999999999997, 57.68000000000001
punkt5: 76.0, 103.0
