punkt0: 76.04000000000013, 81.68000000000005
punkt1: 98.0, 83.0
punkt2: 98.69999999999992, 94.51999999999987
punkt3: 110.0, 101.0
punkt4: 105.0, 112.0
punkt5: 68.75, 104.16000000000005
