punkt0: 35.81999999999999, 53.760000000000005
punkt1: 49.22, 20.979999999999997
punkt2: 79.75999999999999, 46.2
punkt3: 100.34, 20.46
punkt4: 124.63999999999999, 56.42
punkt5: 76.0, 103.0
