punkt0: 97.64000000000013, 68.75
punkt1: 126.67000000000004, 64.09000000000007
punkt2: 113.79, 90.68000000000015
punkt3: 149.04000000000002, 93.06999999999985
punkt4: 134.28000000000026, 113.22000000000016
punkt5: 76.0, 103.0
