punkt0: 43.609999999999985, 51.480000000000054
punkt1: 60.80999999999999, 20.789999999999985
punkt2: 86.9799999999999, 48.10000000000003
punkt3: 113.07000000000004, 24.83000000000001
punkt4: 130.7199999999999, 60.41000000000002
punkt5: 76.0, 103.0
