punkt0: 99.08000000000013, 67.25
punkt1: 129.49000000000004, 62.230000000000075
punkt2: 116.13000000000001, 89.96000000000015
punkt3: 152.88000000000005, 92.28999999999985
punkt4: 137.16000000000025, 113.34000000000013
punkt5: 76.0, 103.0
