punkt0: 94.60000000000014, 52.200000000000074
punkt1: 130.60000000000002, 39.20000000000002
punkt2: 124.2000000000001, 73.99999999999986
punkt3: 170.80000000000007, 70.00000000000007
punkt4: 154.19999999999993, 99.2000000000001
punkt5: 76.0, 103.0
