punkt0: 66.44000000000005, 78.48000000000012
punkt1: 98.0, 83.0
punkt2: 110.69999999999987, 89.71999999999991
punkt3: 110.0, 101.0
punkt4: 105.0, 112.0
punkt5: 58.75, 105.76000000000002
