punkt0: 46.06999999999999, 50.76000000000007
punkt1: 64.46999999999998, 20.729999999999983
punkt2: 89.25999999999988, 48.70000000000004
punkt3: 117.09000000000005, 26.21000000000001
punkt4: 132.63999999999987, 61.67000000000002
punkt5: 76.0, 103.0
