punkt0: 76.76000000000013, 81.92000000000004
punkt1: 98.0, 83.0
punkt2: 97.79999999999993, 94.87999999999988
punkt3: 110.0, 101.0
punkt4: 105.0, 112.0
punkt5: 69.5, 104.04000000000006
