punkt0: 71.72000000000011, 80.24000000000008
punkt1: 98.0, 83.0
punkt2: 104.09999999999987, 92.35999999999987
punkt3: 110.0, 101.0
punkt4: 105.0, 112.0
punkt5: 64.25, 104.88000000000005
