punkt0: 82.82000000000005, 45.74000000000004
punkt1: 116.91999999999999, 27.040000000000006
punkt2: 119.6400000000001, 62.599999999999945
punkt3: 167.76000000000013, 52.900000000000055
punkt4: 155.33999999999997, 85.1400000000001
punkt5: 76.0, 103.0
