punkt0: 53.85999999999999, 48.480000000000054
punkt1: 76.05999999999997, 20.53999999999999
punkt2: 96.47999999999986, 50.600000000000065
punkt3: 129.82000000000005, 30.58000000000002
punkt4: 138.71999999999974, 65.65999999999998
punkt5: 76.0, 103.0
