punkt0: 68.20999999999997, 44.280000000000015
punkt1: 97.40999999999995, 20.189999999999994
punkt2: 109.77999999999994, 54.10000000000004
punkt3: 153.26999999999998, 38.629999999999995
punkt4: 149.91999999999985, 73.00999999999999
punkt5: 76.0, 103.0
