punkt0: 60.00999999999999, 46.680000000000035
punkt1: 85.20999999999997, 20.38999999999999
punkt2: 102.1799999999999, 52.10000000000008
punkt3: 139.86999999999995, 34.029999999999994
punkt4: 143.5199999999997, 68.80999999999997
punkt5: 76.0, 103.0
