punkt0: 65.72000000000006, 78.24000000000012
punkt1: 98.0, 83.0
punkt2: 111.59999999999988, 89.35999999999993
punkt3: 110.0, 101.0
punkt4: 105.0, 112.0
punkt5: 58.0, 105.88000000000002
