punkt0: 11.480000000000008, 69.41999999999992
punkt1: 23.949999999999985, 38.85000000000003
punkt2: 49.57999999999997, 51.529999999999994
punkt3: 73.36999999999998, 35.429999999999964
punkt4: 93.5200000000001, 55.79000000000004
punkt5: 62.83999999999998, 108.15000000000012
