punkt0: 77.86000000000001, 43.02000000000001
punkt1: 111.16, 21.92
punkt2: 117.72000000000003, 57.79999999999998
punkt3: 166.48000000000008, 45.70000000000002
punkt4: 155.82, 79.22000000000003
punkt5: 76.0, 103.0
