punkt0: 32.69, 55.18999999999998
punkt1: 46.04000000000002, 21.42
punkt2: 76.83000000000004, 46.0
punkt3: 97.04000000000005, 20.140000000000008
punkt4: 122.53, 55.92999999999999
punkt5: 75.29999999999998, 104.18999999999997
