punkt0: 101.72000000000011, 64.5
punkt1: 134.66000000000003, 58.82000000000005
punkt2: 120.42000000000002, 88.6400000000001
punkt3: 159.92000000000004, 90.8599999999999
punkt4: 142.44000000000023, 113.56000000000009
punkt5: 76.0, 103.0
