punkt0: 95.4800000000001, 71.0
punkt1: 122.44000000000005, 66.8800000000001
punkt2: 110.28, 91.76000000000013
punkt3: 143.28000000000003, 94.23999999999987
punkt4: 129.9600000000002, 113.04000000000016
punkt5: 76.0, 103.0
