punkt0: 91.64000000000007, 75.0
punkt1: 114.92000000000007, 71.84000000000013
punkt2: 104.03999999999999, 93.68000000000009
punkt3: 133.04000000000002, 96.31999999999991
punkt4: 122.28000000000014, 112.72000000000011
punkt5: 76.0, 103.0
