punkt0: 77.24000000000001, 42.68000000000001
punkt1: 110.44, 21.28
punkt2: 117.48000000000002, 57.19999999999999
punkt3: 166.32000000000005, 44.80000000000001
punkt4: 155.88, 78.48000000000002
punkt5: 76.0, 103.0
