punkt0: 97.16000000000011, 69.25
punkt1: 125.73000000000005, 64.71000000000008
punkt2: 113.01, 90.92000000000016
punkt3: 147.76000000000005, 93.32999999999984
punkt4: 133.32000000000022, 113.18000000000016
punkt5: 76.0, 103.0
