punkt0: 33.019999999999996, 55.01999999999999
punkt1: 46.320000000000014, 21.360000000000003
punkt2: 77.14000000000003, 46.0
punkt3: 97.32000000000004, 20.120000000000008
punkt4: 122.74, 55.93999999999999
punkt5: 75.39999999999999, 104.01999999999997
