punkt0: 68.60000000000008, 79.2000000000001
punkt1: 98.0, 83.0
punkt2: 107.99999999999983, 90.7999999999999
punkt3: 110.0, 101.0
punkt4: 105.0, 112.0
punkt5: 61.0, 105.40000000000003
