punkt0: 66.20000000000006, 78.40000000000012
punkt1: 98.0, 83.0
punkt2: 110.99999999999987, 89.59999999999992
punkt3: 110.0, 101.0
punkt4: 105.0, 112.0
punkt5: 58.5, 105.80000000000003
