punkt0: 69.84999999999995, 43.80000000000001
punkt1: 99.84999999999995, 20.15
punkt2: 111.29999999999995, 54.50000000000003
punkt3: 155.95, 39.55
punkt4: 151.19999999999987, 73.85
punkt5: 76.0, 103.0
