punkt0: 4.7600000000000025, 70.53999999999994
punkt1: 21.149999999999977, 30.45000000000005
punkt2: 48.459999999999994, 47.60999999999998
punkt3: 71.68999999999991, 25.909999999999997
punkt4: 100.24000000000007, 55.23000000000003
punkt5: 65.08000000000001, 116.55000000000004
