punkt0: 7.640000000000005, 70.05999999999986
punkt1: 22.349999999999962, 34.050000000000075
punkt2: 48.93999999999998, 49.289999999999985
punkt3: 72.40999999999994, 29.989999999999952
punkt4: 97.36000000000013, 55.47000000000007
punkt5: 64.11999999999998, 112.95000000000007
