punkt0: 85.64000000000001, 81.25
punkt1: 103.17000000000007, 79.59000000000006
punkt2: 94.28999999999998, 96.68000000000004
punkt3: 117.03999999999999, 99.56999999999996
punkt4: 110.28000000000004, 112.22000000000003
punkt5: 76.0, 103.0
