punkt0: 76.52000000000014, 81.84000000000005
punkt1: 98.0, 83.0
punkt2: 98.09999999999992, 94.75999999999988
punkt3: 110.0, 101.0
punkt4: 105.0, 112.0
punkt5: 69.25, 104.08000000000007
