punkt0: 4.520000000000002, 70.57999999999993
punkt1: 21.049999999999976, 30.150000000000045
punkt2: 48.41999999999999, 47.46999999999998
punkt3: 71.62999999999991, 25.57
punkt4: 100.48000000000005, 55.210000000000036
punkt5: 65.16000000000003, 116.85000000000002
