punkt0: 15.860000000000003, 63.85999999999993
punkt1: 31.760000000000037, 24.48000000000003
punkt2: 61.020000000000074, 46.0
punkt3: 82.76000000000005, 21.160000000000018
punkt4: 111.81999999999995, 55.419999999999916
punkt5: 70.19999999999992, 112.85999999999993
