punkt0: 85.16000000000003, 81.75
punkt1: 102.23000000000005, 80.21000000000004
punkt2: 93.50999999999998, 96.92000000000002
punkt3: 115.75999999999999, 99.82999999999998
punkt4: 109.32000000000004, 112.18000000000004
punkt5: 76.0, 103.0
