punkt0: 97.40000000000012, 69.0
punkt1: 126.20000000000005, 64.40000000000008
punkt2: 113.4, 90.80000000000015
punkt3: 148.40000000000003, 93.19999999999985
punkt4: 133.80000000000024, 113.20000000000016
punkt5: 76.0, 103.0
