punkt0: 99.87000000000012, 55.090000000000046
punkt1: 136.72000000000003, 44.64000000000002
punkt2: 126.24000000000007, 79.09999999999991
punkt3: 172.16000000000003, 77.65000000000009
punkt4: 153.6899999999999, 105.49000000000007
punkt5: 76.0, 103.0
