punkt0: 100.52000000000014, 65.75
punkt1: 132.31000000000003, 60.37000000000006
punkt2: 118.47000000000001, 89.24000000000012
punkt3: 156.72000000000003, 91.50999999999988
punkt4: 140.04000000000028, 113.46000000000011
punkt5: 76.0, 103.0
