punkt0: 9.920000000000002, 66.91999999999996
punkt1: 26.720000000000027, 25.56000000000003
punkt2: 55.440000000000055, 46.0
punkt3: 77.72000000000003, 21.52000000000001
punkt4: 108.03999999999994, 55.23999999999995
punkt5: 68.39999999999989, 115.91999999999996
