punkt0: 16.849999999999998, 63.34999999999992
punkt1: 32.60000000000004, 24.300000000000026
punkt2: 61.950000000000074, 46.0
punkt3: 83.60000000000005, 21.10000000000002
punkt4: 112.44999999999996, 55.44999999999992
punkt5: 70.49999999999991, 112.34999999999992
