punkt0: 71.89999999999996, 43.20000000000001
punkt1: 102.89999999999995, 20.099999999999998
punkt2: 113.19999999999997, 55.00000000000002
punkt3: 159.29999999999998, 40.699999999999996
punkt4: 152.79999999999993, 74.89999999999999
punkt5: 76.0, 103.0
