punkt0: 12.440000000000008, 69.25999999999995
punkt1: 24.34999999999999, 40.05000000000002
punkt2: 49.73999999999997, 52.089999999999996
punkt3: 73.60999999999999, 36.78999999999998
punkt4: 92.56000000000006, 55.870000000000026
punkt5: 62.51999999999999, 106.95000000000007
