punkt0: 34.339999999999996, 54.339999999999996
punkt1: 47.440000000000005, 21.12
punkt2: 78.38000000000001, 46.0
punkt3: 98.44000000000001, 20.040000000000003
punkt4: 123.58, 55.98
punkt5: 75.8, 103.33999999999999
