punkt0: 95.72000000000011, 70.75
punkt1: 122.91000000000005, 66.57000000000009
punkt2: 110.67, 91.64000000000013
punkt3: 143.92000000000002, 94.10999999999987
punkt4: 130.44000000000023, 113.06000000000017
punkt5: 76.0, 103.0
