punkt0: 31.7, 55.69999999999998
punkt1: 45.200000000000024, 21.600000000000005
punkt2: 75.90000000000005, 46.0
punkt3: 96.20000000000006, 20.200000000000014
punkt4: 121.89999999999999, 55.899999999999984
punkt5: 74.99999999999999, 104.69999999999995
