punkt0: 92.36000000000007, 74.25
punkt1: 116.33000000000007, 70.91000000000012
punkt2: 105.21, 93.3200000000001
punkt3: 134.96000000000004, 95.9299999999999
punkt4: 123.72000000000016, 112.78000000000011
punkt5: 76.0, 103.0
