punkt0: 63.560000000000045, 77.5200000000001
punkt1: 98.0, 83.0
punkt2: 114.29999999999993, 88.27999999999994
punkt3: 110.0, 101.0
punkt4: 105.0, 112.0
punkt5: 55.75, 106.24000000000001
