punkt0: 80.65000000000003, 44.550000000000026
punkt1: 114.39999999999999, 24.800000000000004
punkt2: 118.80000000000007, 60.49999999999996
punkt3: 167.20000000000016, 49.75000000000004
punkt4: 155.54999999999998, 82.55000000000007
punkt5: 76.0, 103.0
