punkt0: 6.440000000000004, 70.25999999999988
punkt1: 21.849999999999962, 32.55000000000008
punkt2: 48.73999999999998, 48.58999999999998
punkt3: 72.10999999999993, 28.28999999999997
punkt4: 98.56000000000009, 55.37000000000006
punkt5: 64.52000000000004, 114.45000000000005
