punkt0: 3.5600000000000014, 70.73999999999995
punkt1: 20.649999999999984, 28.950000000000028
punkt2: 48.25999999999999, 46.909999999999975
punkt3: 71.38999999999993, 24.21
punkt4: 101.44000000000003, 55.130000000000024
punkt5: 65.48000000000002, 118.05000000000001
