punkt0: 3.080000000000001, 70.81999999999996
punkt1: 20.44999999999999, 28.35000000000002
punkt2: 48.17999999999999, 46.629999999999974
punkt3: 71.26999999999995, 23.53
punkt4: 101.92000000000002, 55.09000000000002
punkt5: 65.64000000000001, 118.65
