punkt0: 37.86999999999999, 53.16000000000002
punkt1: 52.269999999999996, 20.92999999999999
punkt2: 81.65999999999997, 46.70000000000001
punkt3: 103.69000000000001, 21.610000000000003
punkt4: 126.23999999999998, 57.470000000000006
punkt5: 76.0, 103.0
