punkt0: 4.640000000000002, 70.55999999999993
punkt1: 21.099999999999977, 30.300000000000047
punkt2: 48.43999999999999, 47.53999999999998
punkt3: 71.65999999999991, 25.74
punkt4: 100.36000000000006, 55.220000000000034
punkt5: 65.12000000000002, 116.70000000000003
