punkt0: 94.7600000000001, 71.75
punkt1: 121.03000000000006, 67.8100000000001
punkt2: 109.11, 92.12000000000012
punkt3: 141.36, 94.62999999999988
punkt4: 128.5200000000002, 112.98000000000016
punkt5: 76.0, 103.0
