punkt0: 61.160000000000025, 76.72000000000006
punkt1: 98.0, 83.0
punkt2: 117.29999999999995, 87.07999999999998
punkt3: 110.0, 101.0
punkt4: 105.0, 112.0
punkt5: 53.25, 106.64000000000001
