punkt0: 82.20000000000005, 45.400000000000034
punkt1: 116.19999999999999, 26.400000000000006
punkt2: 119.40000000000009, 61.99999999999994
punkt3: 167.60000000000014, 52.00000000000006
punkt4: 155.39999999999998, 84.40000000000009
punkt5: 76.0, 103.0
