punkt0: 101.24000000000012, 65.0
punkt1: 133.72000000000003, 59.440000000000055
punkt2: 119.64000000000001, 88.88000000000011
punkt3: 158.64000000000004, 91.11999999999989
punkt4: 141.48000000000025, 113.5200000000001
punkt5: 76.0, 103.0
