punkt0: 93.08000000000008, 73.5
punkt1: 117.74000000000007, 69.98000000000012
punkt2: 106.38, 92.96000000000011
punkt3: 136.88000000000002, 95.53999999999989
punkt4: 125.16000000000017, 112.84000000000013
punkt5: 76.0, 103.0
