punkt0: 10.910000000000002, 66.40999999999995
punkt1: 27.56000000000003, 25.380000000000035
punkt2: 56.37000000000006, 46.0
punkt3: 78.56000000000003, 21.46000000000001
punkt4: 108.66999999999993, 55.269999999999946
punkt5: 68.69999999999989, 115.40999999999995
