punkt0: 96.92000000000012, 69.5
punkt1: 125.26000000000005, 65.02000000000008
punkt2: 112.62, 91.04000000000015
punkt3: 147.12000000000003, 93.45999999999985
punkt4: 132.84000000000023, 113.16000000000017
punkt5: 76.0, 103.0
