punkt0: 71.4800000000001, 80.16000000000008
punkt1: 98.0, 83.0
punkt2: 104.39999999999986, 92.23999999999987
punkt3: 110.0, 101.0
punkt4: 105.0, 112.0
punkt5: 64.0, 104.92000000000004
