punkt0: 47.709999999999994, 50.28000000000007
punkt1: 66.90999999999998, 20.689999999999984
punkt2: 90.77999999999986, 49.100000000000044
punkt3: 119.77000000000005, 27.130000000000013
punkt4: 133.91999999999985, 62.510000000000026
punkt5: 76.0, 103.0
