punkt0: 89.6400000000001, 49.480000000000075
punkt1: 124.83999999999997, 34.08000000000001
punkt2: 122.28000000000014, 69.1999999999999
punkt3: 169.5200000000001, 62.80000000000004
punkt4: 154.67999999999995, 93.28000000000014
punkt5: 76.0, 103.0
