punkt0: 98.84000000000013, 67.5
punkt1: 129.02000000000004, 62.54000000000008
punkt2: 115.74000000000001, 90.08000000000015
punkt3: 152.24000000000004, 92.41999999999985
punkt4: 136.68000000000026, 113.32000000000014
punkt5: 76.0, 103.0
