punkt0: 68.84000000000009, 79.2800000000001
punkt1: 98.0, 83.0
punkt2: 107.69999999999983, 90.9199999999999
punkt3: 110.0, 101.0
punkt4: 105.0, 112.0
punkt5: 61.25, 105.36000000000004
