punkt0: 13.640000000000002, 69.05999999999999
punkt1: 24.849999999999998, 41.550000000000004
punkt2: 49.93999999999999, 52.79
punkt3: 73.91, 38.489999999999995
punkt4: 91.36000000000001, 55.970000000000006
punkt5: 62.12, 105.45000000000002
