punkt0: 63.08000000000004, 77.3600000000001
punkt1: 98.0, 83.0
punkt2: 114.89999999999992, 88.03999999999996
punkt3: 110.0, 101.0
punkt4: 105.0, 112.0
punkt5: 55.25, 106.32000000000002
