punkt0: 18.83, 62.32999999999991
punkt1: 34.280000000000044, 23.940000000000026
punkt2: 63.81000000000006, 46.0
punkt3: 85.28000000000006, 20.98000000000002
punkt4: 113.70999999999995, 55.50999999999992
punkt5: 71.09999999999994, 111.32999999999991
