punkt0: 20.809999999999995, 61.30999999999992
punkt1: 35.96000000000005, 23.58000000000002
punkt2: 65.67000000000007, 46.0
punkt3: 86.96000000000006, 20.860000000000024
punkt4: 114.96999999999997, 55.569999999999936
punkt5: 71.69999999999993, 110.3099999999999
