punkt0: 40.329999999999984, 52.44000000000003
punkt1: 55.92999999999999, 20.869999999999983
punkt2: 83.93999999999994, 47.30000000000002
punkt3: 107.71000000000002, 22.990000000000006
punkt4: 128.15999999999997, 58.73000000000001
punkt5: 76.0, 103.0
