punkt0: 89.9500000000001, 49.65000000000008
punkt1: 125.19999999999997, 34.40000000000001
punkt2: 122.40000000000015, 69.4999999999999
punkt3: 169.60000000000008, 63.25000000000004
punkt4: 154.64999999999995, 93.65000000000015
punkt5: 76.0, 103.0
