punkt0: 67.79999999999997, 44.40000000000002
punkt1: 96.79999999999995, 20.199999999999996
punkt2: 109.39999999999995, 54.00000000000004
punkt3: 152.59999999999997, 38.39999999999999
punkt4: 149.59999999999985, 72.79999999999998
punkt5: 76.0, 103.0
