punkt0: 41.55999999999999, 52.08000000000004
punkt1: 57.75999999999999, 20.839999999999982
punkt2: 85.07999999999993, 47.60000000000002
punkt3: 109.72000000000003, 23.680000000000007
punkt4: 129.11999999999995, 59.360000000000014
punkt5: 76.0, 103.0
