punkt0: 66.97999999999998, 44.64000000000002
punkt1: 95.57999999999996, 20.219999999999995
punkt2: 108.63999999999994, 53.80000000000005
punkt3: 151.25999999999996, 37.93999999999999
punkt4: 148.95999999999984, 72.37999999999998
punkt5: 76.0, 103.0
