punkt0: 104.83000000000004, 57.81000000000002
punkt1: 142.48000000000002, 49.76000000000002
punkt2: 128.16000000000003, 83.89999999999998
punkt3: 173.44, 84.85000000000002
punkt4: 153.20999999999992, 111.41000000000003
punkt5: 76.0, 103.0
