punkt0: 45.249999999999986, 51.000000000000064
punkt1: 63.249999999999986, 20.749999999999986
punkt2: 88.49999999999989, 48.500000000000036
punkt3: 115.75000000000004, 25.75000000000001
punkt4: 131.9999999999999, 61.25000000000002
punkt5: 76.0, 103.0
