punkt0: 88.76000000000005, 78.0
punkt1: 109.28000000000009, 75.56000000000012
punkt2: 99.35999999999999, 95.12000000000006
punkt3: 125.36, 97.87999999999994
punkt4: 116.5200000000001, 112.48000000000008
punkt5: 76.0, 103.0
