punkt0: 70.66999999999996, 43.56000000000002
punkt1: 101.06999999999995, 20.129999999999995
punkt2: 112.05999999999997, 54.70000000000003
punkt3: 157.28999999999996, 40.00999999999999
punkt4: 151.83999999999992, 74.26999999999998
punkt5: 76.0, 103.0
