punkt0: 57.13999999999999, 47.520000000000046
punkt1: 80.93999999999997, 20.45999999999999
punkt2: 99.51999999999988, 51.40000000000008
punkt3: 135.17999999999995, 32.420000000000016
punkt4: 141.2799999999997, 67.33999999999996
punkt5: 76.0, 103.0
