punkt0: 67.88000000000008, 78.96000000000011
punkt1: 98.0, 83.0
punkt2: 108.89999999999984, 90.43999999999991
punkt3: 110.0, 101.0
punkt4: 105.0, 112.0
punkt5: 60.25, 105.52000000000004
