punkt0: 14.210000000000003, 64.70999999999994
punkt1: 30.360000000000042, 24.78000000000003
punkt2: 59.470000000000084, 46.0
punkt3: 81.36000000000004, 21.260000000000016
punkt4: 110.76999999999995, 55.369999999999926
punkt5: 69.6999999999999, 113.70999999999994
