punkt0: 6.800000000000004, 70.19999999999987
punkt1: 21.999999999999957, 33.000000000000085
punkt2: 48.79999999999998, 48.79999999999998
punkt3: 72.19999999999993, 28.799999999999965
punkt4: 98.2000000000001, 55.40000000000006
punkt5: 64.40000000000002, 114.00000000000006
