punkt0: 91.88000000000008, 74.75
punkt1: 115.39000000000007, 71.53000000000013
punkt2: 104.42999999999999, 93.56000000000009
punkt3: 133.68000000000004, 96.1899999999999
punkt4: 122.76000000000015, 112.74000000000012
punkt5: 76.0, 103.0
