punkt0: 101.42000000000009, 55.94000000000003
punkt1: 138.52, 46.24000000000002
punkt2: 126.84000000000005, 80.59999999999992
punkt3: 172.56000000000003, 79.90000000000008
punkt4: 153.5399999999999, 107.34000000000005
punkt5: 76.0, 103.0
