punkt0: 105.76000000000002, 58.32000000000001
punkt1: 143.56, 50.72000000000001
punkt2: 128.52000000000004, 84.79999999999998
punkt3: 173.68, 86.20000000000002
punkt4: 153.11999999999995, 112.52000000000001
punkt5: 76.0, 103.0
