punkt0: 9.800000000000008, 69.69999999999986
punkt1: 23.249999999999975, 36.75000000000005
punkt2: 49.29999999999997, 50.54999999999999
punkt3: 72.94999999999996, 33.04999999999994
punkt4: 95.20000000000016, 55.65000000000007
punkt5: 63.39999999999997, 110.25000000000009
