punkt0: 100.1800000000001, 55.26000000000004
punkt1: 137.08, 44.96000000000002
punkt2: 126.36000000000006, 79.3999999999999
punkt3: 172.24000000000004, 78.1000000000001
punkt4: 153.6599999999999, 105.86000000000006
punkt5: 76.0, 103.0
