punkt0: 8.840000000000007, 69.85999999999983
punkt1: 22.84999999999997, 35.55000000000006
punkt2: 49.13999999999997, 49.98999999999999
punkt3: 72.70999999999995, 31.689999999999934
punkt4: 96.16000000000014, 55.570000000000086
punkt5: 63.71999999999996, 111.45000000000007
