punkt0: 63.28999999999999, 45.72000000000003
punkt1: 90.08999999999996, 20.309999999999995
punkt2: 105.21999999999991, 52.90000000000006
punkt3: 145.22999999999996, 35.86999999999999
punkt4: 146.07999999999976, 70.48999999999998
punkt5: 76.0, 103.0
