punkt0: 10.040000000000006, 69.65999999999987
punkt1: 23.349999999999977, 37.05000000000005
punkt2: 49.339999999999975, 50.68999999999999
punkt3: 73.00999999999996, 33.389999999999944
punkt4: 94.96000000000015, 55.670000000000066
punkt5: 63.31999999999997, 109.9500000000001
