punkt0: 38.68999999999998, 52.92000000000002
punkt1: 53.489999999999995, 20.909999999999986
punkt2: 82.41999999999996, 46.90000000000001
punkt3: 105.03000000000002, 22.070000000000004
punkt4: 126.87999999999997, 57.89000000000001
punkt5: 76.0, 103.0
