punkt0: 4.160000000000002, 70.63999999999994
punkt1: 20.89999999999998, 29.70000000000004
punkt2: 48.35999999999999, 47.25999999999998
punkt3: 71.5399999999999, 25.06
punkt4: 100.84000000000005, 55.18000000000003
punkt5: 65.28000000000002, 117.30000000000003
