punkt0: 11.900000000000002, 65.89999999999995
punkt1: 28.400000000000034, 25.200000000000035
punkt2: 57.30000000000007, 46.0
punkt3: 79.40000000000003, 21.400000000000013
punkt4: 109.29999999999994, 55.29999999999994
punkt5: 68.9999999999999, 114.89999999999995
