punkt0: 103.88000000000007, 62.25
punkt1: 138.89000000000001, 56.03000000000003
punkt2: 123.93000000000002, 87.56000000000006
punkt3: 165.68000000000006, 89.68999999999994
punkt4: 146.76000000000013, 113.74000000000005
punkt5: 76.0, 103.0
