punkt0: 51.80999999999999, 49.080000000000055
punkt1: 73.00999999999998, 20.58999999999999
punkt2: 94.57999999999984, 50.10000000000006
punkt3: 126.47000000000007, 29.430000000000017
punkt4: 137.11999999999978, 64.61000000000001
punkt5: 76.0, 103.0
