punkt0: 4.3100000000000005, 69.80999999999999
punkt1: 21.960000000000008, 26.58000000000001
punkt2: 50.170000000000016, 46.0
punkt3: 72.96000000000001, 21.860000000000003
punkt4: 104.46999999999996, 55.069999999999986
punkt5: 66.69999999999996, 118.80999999999999
