punkt0: 94.29000000000013, 52.03000000000007
punkt1: 130.24, 38.88000000000002
punkt2: 124.0800000000001, 73.69999999999986
punkt3: 170.72000000000008, 69.55000000000007
punkt4: 154.22999999999993, 98.8300000000001
punkt5: 76.0, 103.0
