punkt0: 11.120000000000008, 69.4799999999999
punkt1: 23.799999999999983, 38.400000000000034
punkt2: 49.51999999999997, 51.31999999999999
punkt3: 73.27999999999997, 34.91999999999996
punkt4: 93.88000000000011, 55.76000000000005
punkt5: 62.95999999999998, 108.60000000000011
