punkt0: 86.85000000000008, 47.95000000000006
punkt1: 121.59999999999998, 31.20000000000001
punkt2: 121.20000000000016, 66.49999999999993
punkt3: 168.80000000000013, 58.75000000000004
punkt4: 154.94999999999996, 89.95000000000016
punkt5: 76.0, 103.0
