punkt0: 84.68, 82.25
punkt1: 101.29000000000005, 80.83000000000004
punkt2: 92.72999999999998, 97.16000000000003
punkt3: 114.47999999999999, 100.08999999999997
punkt4: 108.36000000000003, 112.14000000000001
punkt5: 76.0, 103.0
