punkt0: 76.28000000000014, 81.76000000000005
punkt1: 98.0, 83.0
punkt2: 98.39999999999992, 94.63999999999987
punkt3: 110.0, 101.0
punkt4: 105.0, 112.0
punkt5: 69.0, 104.12000000000006
