punkt0: 25.759999999999998, 58.75999999999995
punkt1: 40.16000000000007, 22.680000000000014
punkt2: 70.3200000000001, 46.0
punkt3: 91.16000000000008, 20.56000000000003
punkt4: 118.11999999999998, 55.719999999999956
punkt5: 73.19999999999996, 107.75999999999988
