punkt0: 100.04000000000013, 66.25
punkt1: 131.37000000000003, 60.990000000000066
punkt2: 117.69000000000001, 89.48000000000013
punkt3: 155.44000000000005, 91.76999999999987
punkt4: 139.08000000000027, 113.42000000000012
punkt5: 76.0, 103.0
