punkt0: 106.28000000000002, 59.75
punkt1: 143.59, 52.93000000000001
punkt2: 127.83000000000003, 86.36000000000001
punkt3: 172.08000000000004, 88.38999999999999
punkt4: 151.56000000000003, 113.94000000000001
punkt5: 76.0, 103.0
