punkt0: 56.31999999999999, 47.76000000000005
punkt1: 79.71999999999997, 20.47999999999999
punkt2: 98.75999999999988, 51.200000000000074
punkt3: 133.83999999999997, 31.960000000000022
punkt4: 140.6399999999997, 66.91999999999996
punkt5: 76.0, 103.0
