punkt0: 90.68000000000006, 76.0
punkt1: 113.04000000000008, 73.08000000000014
punkt2: 102.47999999999999, 94.16000000000008
punkt3: 130.48000000000002, 96.83999999999992
punkt4: 120.36000000000013, 112.6400000000001
punkt5: 76.0, 103.0
