punkt0: 36.639999999999986, 53.52000000000001
punkt1: 50.44, 20.959999999999994
punkt2: 80.51999999999998, 46.400000000000006
punkt3: 101.68, 20.92
punkt4: 125.27999999999997, 56.84
punkt5: 76.0, 103.0
