punkt0: 34.00999999999999, 54.50999999999999
punkt1: 47.16000000000001, 21.18
punkt2: 78.07000000000002, 46.0
punkt3: 98.16000000000003, 20.060000000000002
punkt4: 123.37, 55.97
punkt5: 75.69999999999999, 103.50999999999999
