punkt0: 13.550000000000002, 65.04999999999994
punkt1: 29.80000000000004, 24.900000000000034
punkt2: 58.85000000000008, 46.0
punkt3: 80.80000000000004, 21.300000000000015
punkt4: 110.34999999999994, 55.34999999999993
punkt5: 69.49999999999991, 114.04999999999994
