punkt0: 6.200000000000004, 70.2999999999999
punkt1: 21.749999999999964, 32.25000000000007
punkt2: 48.69999999999999, 48.44999999999998
punkt3: 72.04999999999993, 27.949999999999974
punkt4: 98.8000000000001, 55.35000000000005
punkt5: 64.60000000000002, 114.75000000000006
