punkt0: 27.409999999999997, 57.909999999999954
punkt1: 41.56000000000006, 22.38000000000001
punkt2: 71.87000000000012, 46.0
punkt3: 92.56000000000009, 20.46000000000003
punkt4: 119.16999999999999, 55.76999999999997
punkt5: 73.69999999999996, 106.90999999999988
