punkt0: 5.960000000000001, 68.95999999999998
punkt1: 23.360000000000014, 26.280000000000015
punkt2: 51.72000000000003, 46.0
punkt3: 74.36000000000001, 21.760000000000005
punkt4: 105.51999999999992, 55.119999999999976
punkt5: 67.19999999999993, 117.95999999999998
