punkt0: 10.160000000000007, 69.63999999999987
punkt1: 23.399999999999977, 37.200000000000045
punkt2: 49.35999999999997, 50.75999999999999
punkt3: 73.03999999999996, 33.559999999999945
punkt4: 94.84000000000015, 55.680000000000064
punkt5: 63.27999999999997, 109.8000000000001
