punkt0: 81.80000000000003, 83.60000000000001
punkt1: 98.0, 83.0
punkt2: 91.49999999999999, 97.39999999999998
punkt3: 110.0, 101.0
punkt4: 105.0, 112.0
punkt5: 74.75, 103.20000000000003
