punkt0: 49.75999999999999, 49.680000000000064
punkt1: 69.95999999999998, 20.639999999999986
punkt2: 92.67999999999984, 49.60000000000005
punkt3: 123.12000000000006, 28.280000000000015
punkt4: 135.5199999999998, 63.56000000000003
punkt5: 76.0, 103.0
