punkt0: 7.400000000000005, 70.09999999999985
punkt1: 22.24999999999996, 33.75000000000008
punkt2: 48.89999999999998, 49.149999999999984
punkt3: 72.34999999999994, 29.649999999999956
punkt4: 97.60000000000011, 55.450000000000074
punkt5: 64.19999999999999, 113.25000000000006
