punkt0: 12.20000000000001, 69.29999999999994
punkt1: 24.24999999999999, 39.75000000000002
punkt2: 49.69999999999996, 51.949999999999996
punkt3: 73.54999999999998, 36.449999999999974
punkt4: 92.80000000000007, 55.85000000000003
punkt5: 62.59999999999999, 107.25000000000009
