punkt0: 23.779999999999998, 59.77999999999994
punkt1: 38.48000000000006, 23.040000000000017
punkt2: 68.4600000000001, 46.0
punkt3: 89.48000000000008, 20.680000000000028
punkt4: 116.85999999999997, 55.65999999999995
punkt5: 72.59999999999995, 108.77999999999989
