punkt0: 66.56999999999998, 44.76000000000002
punkt1: 94.96999999999996, 20.229999999999997
punkt2: 108.25999999999993, 53.700000000000045
punkt3: 150.58999999999997, 37.709999999999994
punkt4: 148.63999999999982, 72.16999999999999
punkt5: 76.0, 103.0
