punkt0: 91.16000000000007, 75.5
punkt1: 113.98000000000008, 72.46000000000014
punkt2: 103.25999999999999, 93.92000000000009
punkt3: 131.76000000000002, 96.57999999999991
punkt4: 121.32000000000014, 112.6800000000001
punkt5: 76.0, 103.0
