punkt0: 9.080000000000005, 69.81999999999984
punkt1: 22.94999999999997, 35.85000000000006
punkt2: 49.17999999999998, 50.12999999999999
punkt3: 72.76999999999995, 32.02999999999993
punkt4: 95.92000000000016, 55.59000000000008
punkt5: 63.639999999999965, 111.15000000000009
