punkt0: 97.08000000000015, 53.56000000000006
punkt1: 133.48000000000002, 41.76000000000002
punkt2: 125.16000000000008, 76.39999999999986
punkt3: 171.44000000000005, 73.6000000000001
punkt4: 153.95999999999992, 102.16000000000008
punkt5: 76.0, 103.0
