punkt0: 66.68000000000006, 78.56000000000012
punkt1: 98.0, 83.0
punkt2: 110.39999999999986, 89.83999999999992
punkt3: 110.0, 101.0
punkt4: 105.0, 112.0
punkt5: 59.0, 105.72000000000003
