punkt0: 3.200000000000001, 70.79999999999997
punkt1: 20.49999999999999, 28.50000000000002
punkt2: 48.199999999999996, 46.699999999999974
punkt3: 71.29999999999994, 23.7
punkt4: 101.80000000000003, 55.100000000000016
punkt5: 65.60000000000001, 118.50000000000001
