punkt0: 11.960000000000008, 69.33999999999993
punkt1: 24.149999999999988, 39.450000000000024
punkt2: 49.65999999999997, 51.809999999999995
punkt3: 73.48999999999998, 36.10999999999997
punkt4: 93.04000000000008, 55.830000000000034
punkt5: 62.679999999999986, 107.5500000000001
