punkt0: 13.520000000000003, 69.07999999999998
punkt1: 24.799999999999997, 41.400000000000006
punkt2: 49.91999999999999, 52.72
punkt3: 73.88, 38.31999999999999
punkt4: 91.48000000000002, 55.96000000000001
punkt5: 62.16, 105.60000000000002
