punkt0: 28.07, 57.569999999999965
punkt1: 42.120000000000054, 22.26000000000001
punkt2: 72.4900000000001, 46.0
punkt3: 93.12000000000009, 20.420000000000027
punkt4: 119.58999999999997, 55.789999999999964
punkt5: 73.89999999999998, 106.56999999999988
