punkt0: 77.24000000000012, 82.08000000000004
punkt1: 98.0, 83.0
punkt2: 97.19999999999993, 95.11999999999989
punkt3: 110.0, 101.0
punkt4: 105.0, 112.0
punkt5: 70.0, 103.96000000000006
