punkt0: 39.91999999999999, 52.56000000000003
punkt1: 55.31999999999999, 20.87999999999998
punkt2: 83.55999999999995, 47.20000000000002
punkt3: 107.04000000000002, 22.760000000000005
punkt4: 127.83999999999997, 58.52000000000001
punkt5: 76.0, 103.0
