punkt0: 92.74000000000012, 51.180000000000085
punkt1: 128.44, 37.280000000000015
punkt2: 123.48000000000012, 72.19999999999987
punkt3: 170.32000000000008, 67.30000000000005
punkt4: 154.37999999999994, 96.98000000000012
punkt5: 76.0, 103.0
