punkt0: 101.1100000000001, 55.77000000000004
punkt1: 138.16000000000003, 45.92000000000002
punkt2: 126.72000000000006, 80.29999999999993
punkt3: 172.48000000000002, 79.45000000000007
punkt4: 153.5699999999999, 106.97000000000006
punkt5: 76.0, 103.0
