punkt0: 17.839999999999996, 62.83999999999992
punkt1: 33.44000000000004, 24.120000000000026
punkt2: 62.88000000000007, 46.0
punkt3: 84.44000000000005, 21.04000000000002
punkt4: 113.07999999999996, 55.47999999999992
punkt5: 70.79999999999993, 111.83999999999992
