punkt0: 58.36999999999999, 47.16000000000004
punkt1: 82.76999999999997, 20.429999999999993
punkt2: 100.65999999999988, 51.70000000000008
punkt3: 137.18999999999994, 33.11000000000001
punkt4: 142.23999999999967, 67.96999999999997
punkt5: 76.0, 103.0
