punkt0: 69.08000000000008, 79.3600000000001
punkt1: 98.0, 83.0
punkt2: 107.39999999999984, 91.03999999999989
punkt3: 110.0, 101.0
punkt4: 105.0, 112.0
punkt5: 61.5, 105.32000000000004
