punkt0: 98.36000000000013, 68.0
punkt1: 128.08000000000004, 63.16000000000008
punkt2: 114.96000000000001, 90.32000000000016
punkt3: 150.96000000000004, 92.67999999999984
punkt4: 135.72000000000025, 113.28000000000014
punkt5: 76.0, 103.0
