punkt0: 59.72000000000001, 76.24000000000001
punkt1: 98.0, 83.0
punkt2: 119.1, 86.35999999999999
punkt3: 110.0, 101.0
punkt4: 105.0, 112.0
punkt5: 51.75, 106.88
