punkt0: 44.83999999999999, 51.12000000000006
punkt1: 62.639999999999986, 20.759999999999984
punkt2: 88.11999999999989, 48.400000000000034
punkt3: 115.08000000000004, 25.52000000000001
punkt4: 131.6799999999999, 61.04000000000002
punkt5: 76.0, 103.0
