punkt0: 7.520000000000005, 70.07999999999986
punkt1: 22.29999999999996, 33.90000000000008
punkt2: 48.91999999999998, 49.219999999999985
punkt3: 72.37999999999994, 29.819999999999954
punkt4: 97.48000000000012, 55.46000000000007
punkt5: 64.15999999999998, 113.10000000000007
