punkt0: 92.12000000000008, 74.5
punkt1: 115.86000000000007, 71.22000000000013
punkt2: 104.82, 93.4400000000001
punkt3: 134.32000000000002, 96.0599999999999
punkt4: 123.24000000000015, 112.76000000000012
punkt5: 76.0, 103.0
