punkt0: 12.920000000000007, 69.17999999999996
punkt1: 24.549999999999994, 40.65000000000001
punkt2: 49.81999999999997, 52.37
punkt3: 73.72999999999999, 37.469999999999985
punkt4: 92.08000000000004, 55.91000000000002
punkt5: 62.35999999999999, 106.35000000000005
