punkt0: 3.3200000000000003, 70.32
punkt1: 21.120000000000005, 26.760000000000005
punkt2: 49.24000000000001, 46.0
punkt3: 72.12, 21.92
punkt4: 103.83999999999997, 55.03999999999999
punkt5: 66.39999999999998, 119.32
