punkt0: 5.360000000000003, 70.43999999999991
punkt1: 21.39999999999997, 31.20000000000006
punkt2: 48.55999999999999, 47.95999999999998
punkt3: 71.83999999999992, 26.759999999999987
punkt4: 99.64000000000007, 55.280000000000044
punkt5: 64.88000000000002, 115.80000000000004
