punkt0: 20.15, 61.64999999999992
punkt1: 35.40000000000005, 23.700000000000024
punkt2: 65.05000000000007, 46.0
punkt3: 86.40000000000006, 20.900000000000023
punkt4: 114.54999999999995, 55.549999999999926
punkt5: 71.49999999999994, 110.6499999999999
