punkt0: 88.52000000000004, 78.25
punkt1: 108.81000000000009, 75.87000000000012
punkt2: 98.96999999999998, 95.24000000000007
punkt3: 124.72, 98.00999999999993
punkt4: 116.04000000000009, 112.46000000000006
punkt5: 76.0, 103.0
