punkt0: 17.509999999999998, 63.00999999999992
punkt1: 33.16000000000004, 24.180000000000028
punkt2: 62.570000000000064, 46.0
punkt3: 84.16000000000005, 21.06000000000002
punkt4: 112.86999999999995, 55.469999999999914
punkt5: 70.69999999999993, 112.00999999999992
