punkt0: 80.03000000000003, 44.21000000000002
punkt1: 113.67999999999999, 24.160000000000004
punkt2: 118.56000000000006, 59.89999999999996
punkt3: 167.04000000000013, 48.85000000000004
punkt4: 155.60999999999999, 81.81000000000006
punkt5: 76.0, 103.0
