punkt0: 85.88000000000002, 81.0
punkt1: 103.64000000000007, 79.28000000000006
punkt2: 94.67999999999998, 96.56000000000003
punkt3: 117.67999999999999, 99.43999999999997
punkt4: 110.76000000000005, 112.24000000000004
punkt5: 76.0, 103.0
