punkt0: 93.98000000000013, 51.86000000000008
punkt1: 129.88000000000002, 38.56000000000002
punkt2: 123.96000000000011, 73.39999999999986
punkt3: 170.64000000000007, 69.10000000000007
punkt4: 154.25999999999993, 98.46000000000011
punkt5: 76.0, 103.0
