punkt0: 74.84000000000013, 81.28000000000006
punkt1: 98.0, 83.0
punkt2: 100.1999999999999, 93.91999999999985
punkt3: 110.0, 101.0
punkt4: 105.0, 112.0
punkt5: 67.5, 104.36000000000006
