punkt0: 98.63000000000014, 54.41000000000005
punkt1: 135.28000000000003, 43.36000000000002
punkt2: 125.76000000000008, 77.89999999999989
punkt3: 171.84000000000003, 75.85000000000011
punkt4: 153.80999999999992, 104.01000000000008
punkt5: 76.0, 103.0
