punkt0: 92.12000000000012, 50.84000000000009
punkt1: 127.71999999999997, 36.640000000000015
punkt2: 123.24000000000012, 71.59999999999988
punkt3: 170.16000000000008, 66.40000000000005
punkt4: 154.43999999999994, 96.24000000000012
punkt5: 76.0, 103.0
