punkt0: 55.49999999999999, 48.00000000000005
punkt1: 78.49999999999997, 20.49999999999999
punkt2: 97.99999999999987, 51.00000000000007
punkt3: 132.5, 31.50000000000002
punkt4: 139.99999999999972, 66.49999999999996
punkt5: 76.0, 103.0
