punkt0: 70.04000000000009, 79.68000000000009
punkt1: 98.0, 83.0
punkt2: 106.19999999999985, 91.51999999999988
punkt3: 110.0, 101.0
punkt4: 105.0, 112.0
punkt5: 62.5, 105.16000000000004
