punkt0: 81.58000000000004, 45.06000000000003
punkt1: 115.47999999999999, 25.760000000000005
punkt2: 119.16000000000008, 61.39999999999995
punkt3: 167.44000000000014, 51.10000000000005
punkt4: 155.45999999999998, 83.66000000000008
punkt5: 76.0, 103.0
