punkt0: 59.19, 46.920000000000044
punkt1: 83.98999999999997, 20.40999999999999
punkt2: 101.4199999999999, 51.900000000000084
punkt3: 138.52999999999992, 33.57
punkt4: 142.8799999999997, 68.38999999999996
punkt5: 76.0, 103.0
