punkt0: 9.320000000000007, 69.77999999999984
punkt1: 23.049999999999972, 36.150000000000055
punkt2: 49.21999999999997, 50.26999999999999
punkt3: 72.82999999999996, 32.36999999999993
punkt4: 95.68000000000015, 55.61000000000008
punkt5: 63.55999999999997, 110.85000000000008
