punkt0: 61.239999999999995, 46.320000000000036
punkt1: 87.03999999999996, 20.359999999999992
punkt2: 103.31999999999991, 52.40000000000008
punkt3: 141.87999999999994, 34.719999999999985
punkt4: 144.47999999999973, 69.43999999999997
punkt5: 76.0, 103.0
