punkt0: 83.48, 83.5
punkt1: 98.94000000000001, 82.38000000000001
punkt2: 90.77999999999999, 97.76
punkt3: 111.27999999999999, 100.74
punkt4: 105.96000000000001, 112.04
punkt5: 76.0, 103.0
