punkt0: 19.159999999999997, 62.15999999999991
punkt1: 34.560000000000045, 23.880000000000024
punkt2: 64.12000000000006, 46.0
punkt3: 85.56000000000006, 20.960000000000022
punkt4: 113.91999999999996, 55.519999999999925
punkt5: 71.19999999999993, 111.15999999999991
