punkt0: 16.52, 63.519999999999925
punkt1: 32.320000000000036, 24.360000000000028
punkt2: 61.64000000000007, 46.0
punkt3: 83.32000000000005, 21.12000000000002
punkt4: 112.23999999999995, 55.43999999999991
punkt5: 70.39999999999992, 112.51999999999992
