punkt0: 64.28000000000004, 77.76000000000012
punkt1: 98.0, 83.0
punkt2: 113.3999999999999, 88.63999999999994
punkt3: 110.0, 101.0
punkt4: 105.0, 112.0
punkt5: 56.5, 106.12000000000002
