punkt0: 104.12000000000006, 62.0
punkt1: 139.36, 55.72000000000003
punkt2: 124.32000000000002, 87.44000000000005
punkt3: 166.32000000000005, 89.55999999999995
punkt4: 147.24000000000012, 113.76000000000005
punkt5: 76.0, 103.0
