punkt0: 12.230000000000002, 65.72999999999995
punkt1: 28.680000000000035, 25.140000000000036
punkt2: 57.61000000000007, 46.0
punkt3: 79.68000000000004, 21.380000000000013
punkt4: 109.50999999999993, 55.30999999999994
punkt5: 69.09999999999991, 114.72999999999995
