punkt0: 91.40000000000006, 75.25
punkt1: 114.45000000000007, 72.15000000000013
punkt2: 103.64999999999999, 93.8000000000001
punkt3: 132.40000000000003, 96.4499999999999
punkt4: 121.80000000000014, 112.7000000000001
punkt5: 76.0, 103.0
