punkt0: 9.260000000000002, 67.25999999999996
punkt1: 26.160000000000025, 25.680000000000028
punkt2: 54.82000000000005, 46.0
punkt3: 77.16000000000003, 21.56000000000001
punkt4: 107.61999999999993, 55.219999999999956
punkt5: 68.19999999999989, 116.25999999999996
