punkt0: 85.30000000000007, 47.10000000000005
punkt1: 119.79999999999998, 29.60000000000001
punkt2: 120.60000000000014, 64.99999999999994
punkt3: 168.40000000000012, 56.50000000000005
punkt4: 155.09999999999997, 88.10000000000014
punkt5: 76.0, 103.0
