punkt0: 4.970000000000001, 69.46999999999998
punkt1: 22.52000000000001, 26.46000000000001
punkt2: 50.79000000000002, 46.0
punkt3: 73.52000000000001, 21.820000000000004
punkt4: 104.88999999999994, 55.08999999999998
punkt5: 66.89999999999995, 118.46999999999998
