punkt0: 11.000000000000007, 69.4999999999999
punkt1: 23.749999999999982, 38.250000000000036
punkt2: 49.49999999999997, 51.24999999999999
punkt3: 73.24999999999997, 34.74999999999996
punkt4: 94.00000000000011, 55.75000000000005
punkt5: 62.99999999999998, 108.75000000000011
