punkt0: 24.11, 59.60999999999994
punkt1: 38.76000000000006, 22.980000000000015
punkt2: 68.7700000000001, 46.0
punkt3: 89.76000000000008, 20.66000000000003
punkt4: 117.06999999999996, 55.669999999999945
punkt5: 72.69999999999996, 108.60999999999989
