punkt0: 32.03, 55.52999999999999
punkt1: 45.48000000000002, 21.540000000000006
punkt2: 76.21000000000004, 46.0
punkt3: 96.48000000000005, 20.180000000000014
punkt4: 122.10999999999999, 55.90999999999998
punkt5: 75.1, 104.52999999999994
