punkt0: 3.9200000000000017, 70.67999999999995
punkt1: 20.799999999999983, 29.400000000000034
punkt2: 48.31999999999999, 47.119999999999976
punkt3: 71.4799999999999, 24.72
punkt4: 101.08000000000004, 55.160000000000025
punkt5: 65.36000000000001, 117.60000000000002
