punkt0: 92.60000000000008, 74.0
punkt1: 116.80000000000007, 70.60000000000012
punkt2: 105.6, 93.2000000000001
punkt3: 135.60000000000002, 95.7999999999999
punkt4: 124.20000000000016, 112.80000000000013
punkt5: 76.0, 103.0
