punkt0: 3.4400000000000013, 70.75999999999996
punkt1: 20.599999999999987, 28.800000000000026
punkt2: 48.239999999999995, 46.839999999999975
punkt3: 71.35999999999993, 24.04
punkt4: 101.56000000000003, 55.12000000000002
punkt5: 65.52000000000001, 118.20000000000002
