punkt0: 78.17000000000002, 43.19000000000001
punkt1: 111.52, 22.240000000000002
punkt2: 117.84000000000003, 58.09999999999998
punkt3: 166.5600000000001, 46.15000000000002
punkt4: 155.79, 79.59000000000003
punkt5: 76.0, 103.0
