punkt0: 105.32000000000004, 60.75
punkt1: 141.71, 54.170000000000016
punkt2: 126.27000000000002, 86.84000000000003
punkt3: 169.52000000000004, 88.90999999999997
punkt4: 149.64000000000007, 113.86000000000003
punkt5: 76.0, 103.0
