punkt0: 8.600000000000005, 69.89999999999984
punkt1: 22.749999999999968, 35.250000000000064
punkt2: 49.09999999999998, 49.84999999999999
punkt3: 72.64999999999995, 31.349999999999937
punkt4: 96.40000000000015, 55.55000000000008
punkt5: 63.79999999999996, 111.75000000000009
