punkt0: 62.059999999999995, 46.080000000000034
punkt1: 88.25999999999996, 20.339999999999993
punkt2: 104.07999999999991, 52.60000000000007
punkt3: 143.21999999999994, 35.179999999999986
punkt4: 145.11999999999975, 69.85999999999997
punkt5: 76.0, 103.0
