punkt0: 69.32000000000008, 79.4400000000001
punkt1: 98.0, 83.0
punkt2: 107.09999999999984, 91.15999999999988
punkt3: 110.0, 101.0
punkt4: 105.0, 112.0
punkt5: 61.75, 105.28000000000003
