punkt0: 90.20000000000006, 76.5
punkt1: 112.10000000000008, 73.70000000000014
punkt2: 101.69999999999999, 94.40000000000008
punkt3: 129.20000000000002, 97.09999999999992
punkt4: 119.40000000000012, 112.6000000000001
punkt5: 76.0, 103.0
