punkt0: 77.96000000000011, 82.32000000000004
punkt1: 98.0, 83.0
punkt2: 96.29999999999994, 95.4799999999999
punkt3: 110.0, 101.0
punkt4: 105.0, 112.0
punkt5: 70.75, 103.84000000000006
