punkt0: 64.11, 45.48000000000003
punkt1: 91.30999999999996, 20.289999999999992
punkt2: 105.97999999999993, 53.100000000000065
punkt3: 146.56999999999994, 36.329999999999984
punkt4: 146.7199999999998, 70.90999999999997
punkt5: 76.0, 103.0
