punkt0: 93.56000000000009, 73.0
punkt1: 118.68000000000006, 69.36000000000011
punkt2: 107.16, 92.72000000000011
punkt3: 138.16000000000003, 95.27999999999989
punkt4: 126.12000000000018, 112.88000000000014
punkt5: 76.0, 103.0
