punkt0: 70.5200000000001, 79.84000000000009
punkt1: 98.0, 83.0
punkt2: 105.59999999999985, 91.75999999999988
punkt3: 110.0, 101.0
punkt4: 105.0, 112.0
punkt5: 63.0, 105.08000000000004
