punkt0: 49.349999999999994, 49.80000000000007
punkt1: 69.34999999999998, 20.649999999999984
punkt2: 92.29999999999984, 49.50000000000005
punkt3: 122.45000000000006, 28.050000000000015
punkt4: 135.19999999999982, 63.35000000000003
punkt5: 76.0, 103.0
