punkt0: 24.769999999999996, 59.26999999999994
punkt1: 39.320000000000064, 22.860000000000014
punkt2: 69.3900000000001, 46.0
punkt3: 90.32000000000008, 20.62000000000003
punkt4: 117.48999999999998, 55.689999999999955
punkt5: 72.89999999999995, 108.26999999999988
