punkt0: 84.44000000000001, 82.5
punkt1: 100.82000000000004, 81.14000000000003
punkt2: 92.33999999999997, 97.28000000000002
punkt3: 113.83999999999999, 100.21999999999998
punkt4: 107.88000000000002, 112.12000000000002
punkt5: 76.0, 103.0
