punkt0: 97.70000000000014, 53.900000000000055
punkt1: 134.20000000000002, 42.40000000000002
punkt2: 125.40000000000008, 76.99999999999987
punkt3: 171.60000000000005, 74.5000000000001
punkt4: 153.89999999999992, 102.90000000000008
punkt5: 76.0, 103.0
