punkt0: 8.240000000000006, 69.95999999999984
punkt1: 22.599999999999966, 34.80000000000007
punkt2: 49.03999999999998, 49.639999999999986
punkt3: 72.55999999999995, 30.839999999999943
punkt4: 96.76000000000013, 55.52000000000008
punkt5: 63.91999999999996, 112.20000000000007
