punkt0: 78.4400000000001, 82.48000000000003
punkt1: 98.0, 83.0
punkt2: 95.69999999999995, 95.71999999999991
punkt3: 110.0, 101.0
punkt4: 105.0, 112.0
punkt5: 71.25, 103.76000000000006
