punkt0: 11.840000000000007, 69.35999999999993
punkt1: 24.099999999999987, 39.300000000000026
punkt2: 49.639999999999965, 51.739999999999995
punkt3: 73.45999999999998, 35.93999999999997
punkt4: 93.16000000000008, 55.820000000000036
punkt5: 62.719999999999985, 107.7000000000001
