punkt0: 95.0000000000001, 71.5
punkt1: 121.50000000000006, 67.5000000000001
punkt2: 109.5, 92.00000000000013
punkt3: 142.00000000000003, 94.49999999999987
punkt4: 129.0000000000002, 113.00000000000016
punkt5: 76.0, 103.0
