punkt0: 4.880000000000003, 70.51999999999992
punkt1: 21.199999999999974, 30.60000000000005
punkt2: 48.47999999999999, 47.67999999999998
punkt3: 71.71999999999991, 26.079999999999995
punkt4: 100.12000000000006, 55.24000000000004
punkt5: 65.04000000000002, 116.40000000000003
