punkt0: 16.19, 63.68999999999993
punkt1: 32.040000000000035, 24.42000000000003
punkt2: 61.33000000000007, 46.0
punkt3: 83.04000000000005, 21.14000000000002
punkt4: 112.02999999999994, 55.429999999999914
punkt5: 70.29999999999993, 112.68999999999993
