punkt0: 18.169999999999995, 62.669999999999916
punkt1: 33.72000000000004, 24.060000000000024
punkt2: 63.19000000000007, 46.0
punkt3: 84.72000000000006, 21.02000000000002
punkt4: 113.28999999999996, 55.489999999999924
punkt5: 70.89999999999992, 111.66999999999992
