punkt0: 6.560000000000004, 70.23999999999988
punkt1: 21.89999999999996, 32.70000000000008
punkt2: 48.759999999999984, 48.65999999999998
punkt3: 72.13999999999993, 28.45999999999997
punkt4: 98.4400000000001, 55.38000000000006
punkt5: 64.48000000000003, 114.30000000000005
