punkt0: 37.45999999999999, 53.280000000000015
punkt1: 51.66, 20.93999999999999
punkt2: 81.27999999999997, 46.60000000000001
punkt3: 103.02000000000001, 21.380000000000003
punkt4: 125.91999999999997, 57.260000000000005
punkt5: 76.0, 103.0
