punkt0: 80.84000000000005, 83.28000000000002
punkt1: 98.0, 83.0
punkt2: 92.69999999999997, 96.91999999999996
punkt3: 110.0, 101.0
punkt4: 105.0, 112.0
punkt5: 73.75, 103.36000000000006
