punkt0: 14.870000000000003, 64.36999999999993
punkt1: 30.920000000000037, 24.660000000000032
punkt2: 60.090000000000074, 46.0
punkt3: 81.92000000000004, 21.220000000000017
punkt4: 111.18999999999994, 55.38999999999992
punkt5: 69.89999999999992, 113.36999999999993
