punkt0: 7.880000000000005, 70.01999999999984
punkt1: 22.449999999999964, 34.35000000000007
punkt2: 48.979999999999976, 49.429999999999986
punkt3: 72.46999999999994, 30.32999999999995
punkt4: 97.12000000000012, 55.49000000000008
punkt5: 64.03999999999996, 112.65000000000006
