punkt0: 2.6000000000000005, 70.89999999999998
punkt1: 20.249999999999993, 27.75000000000001
punkt2: 48.099999999999994, 46.34999999999998
punkt3: 71.14999999999998, 22.85
punkt4: 102.4, 55.05000000000001
punkt5: 65.80000000000001, 119.25
