punkt0: 9.200000000000006, 69.79999999999984
punkt1: 22.99999999999997, 36.00000000000006
punkt2: 49.199999999999974, 50.19999999999999
punkt3: 72.79999999999995, 32.19999999999993
punkt4: 95.80000000000015, 55.60000000000008
punkt5: 63.599999999999966, 111.00000000000009
