punkt0: 42.37999999999999, 51.840000000000046
punkt1: 58.97999999999999, 20.819999999999983
punkt2: 85.83999999999992, 47.800000000000026
punkt3: 111.06000000000003, 24.140000000000008
punkt4: 129.75999999999993, 59.780000000000015
punkt5: 76.0, 103.0
