punkt0: 96.46000000000015, 53.22000000000006
punkt1: 132.76000000000002, 41.12000000000002
punkt2: 124.92000000000009, 75.79999999999986
punkt3: 171.28000000000006, 72.70000000000009
punkt4: 154.01999999999992, 101.42000000000009
punkt5: 76.0, 103.0
