punkt0: 31.369999999999997, 55.869999999999976
punkt1: 44.92000000000003, 21.660000000000004
punkt2: 75.59000000000006, 46.0
punkt3: 95.92000000000007, 20.220000000000013
punkt4: 121.69, 55.889999999999986
punkt5: 74.89999999999998, 104.86999999999995
