punkt0: 102.4400000000001, 63.75
punkt1: 136.07000000000002, 57.89000000000004
punkt2: 121.59000000000002, 88.28000000000009
punkt3: 161.84000000000003, 90.46999999999991
punkt4: 143.8800000000002, 113.62000000000008
punkt5: 76.0, 103.0
