punkt0: 4.280000000000002, 70.61999999999995
punkt1: 20.949999999999978, 29.85000000000004
punkt2: 48.379999999999995, 47.32999999999998
punkt3: 71.56999999999991, 25.229999999999997
punkt4: 100.72000000000006, 55.190000000000026
punkt5: 65.24000000000001, 117.15000000000003
