punkt0: 75.80000000000014, 81.60000000000005
punkt1: 98.0, 83.0
punkt2: 98.99999999999991, 94.39999999999986
punkt3: 110.0, 101.0
punkt4: 105.0, 112.0
punkt5: 68.5, 104.20000000000006
