punkt0: 83.96000000000001, 83.0
punkt1: 99.88000000000002, 81.76000000000002
punkt2: 91.55999999999997, 97.52000000000001
punkt3: 112.55999999999999, 100.47999999999999
punkt4: 106.92000000000002, 112.08000000000001
punkt5: 76.0, 103.0
