punkt0: 99.56000000000012, 54.920000000000044
punkt1: 136.36, 44.32000000000002
punkt2: 126.12000000000006, 78.7999999999999
punkt3: 172.08000000000004, 77.2000000000001
punkt4: 153.7199999999999, 105.12000000000006
punkt5: 76.0, 103.0
