punkt0: 54.269999999999996, 48.360000000000056
punkt1: 76.66999999999997, 20.529999999999987
punkt2: 96.85999999999987, 50.70000000000007
punkt3: 130.49000000000004, 30.81000000000002
punkt4: 139.03999999999974, 65.86999999999998
punkt5: 76.0, 103.0
