punkt0: 5.720000000000003, 70.37999999999991
punkt1: 21.54999999999997, 31.650000000000066
punkt2: 48.61999999999999, 48.16999999999998
punkt3: 71.92999999999992, 27.269999999999982
punkt4: 99.28000000000009, 55.310000000000045
punkt5: 64.76000000000002, 115.35000000000005
