punkt0: 89.72000000000006, 77.0
punkt1: 111.16000000000008, 74.32000000000014
punkt2: 100.91999999999999, 94.64000000000007
punkt3: 127.92, 97.35999999999993
punkt4: 118.44000000000011, 112.56000000000009
punkt5: 76.0, 103.0
