punkt0: 89.0200000000001, 49.14000000000007
punkt1: 124.11999999999998, 33.44000000000001
punkt2: 122.04000000000015, 68.59999999999991
punkt3: 169.3600000000001, 61.90000000000004
punkt4: 154.73999999999995, 92.54000000000015
punkt5: 76.0, 103.0
