punkt0: 10.580000000000002, 66.57999999999996
punkt1: 27.28000000000003, 25.440000000000033
punkt2: 56.06000000000006, 46.0
punkt3: 78.28000000000003, 21.48000000000001
punkt4: 108.45999999999994, 55.25999999999995
punkt5: 68.5999999999999, 115.57999999999996
