punkt0: 99.56000000000014, 66.75
punkt1: 130.43000000000004, 61.61000000000007
punkt2: 116.91000000000001, 89.72000000000014
punkt3: 154.16000000000003, 92.02999999999986
punkt4: 138.1200000000003, 113.38000000000012
punkt5: 76.0, 103.0
