punkt0: 46.889999999999986, 50.52000000000007
punkt1: 65.68999999999998, 20.709999999999987
punkt2: 90.01999999999987, 48.90000000000004
punkt3: 118.43000000000005, 26.670000000000012
punkt4: 133.27999999999986, 62.090000000000025
punkt5: 76.0, 103.0
