punkt0: 5.630000000000001, 69.12999999999998
punkt1: 23.080000000000013, 26.340000000000014
punkt2: 51.410000000000025, 46.0
punkt3: 74.08000000000001, 21.780000000000005
punkt4: 105.30999999999993, 55.10999999999998
punkt5: 67.09999999999994, 118.12999999999998
