punkt0: 36.22999999999999, 53.64000000000001
punkt1: 49.83, 20.969999999999995
punkt2: 80.13999999999999, 46.300000000000004
punkt3: 101.01, 20.69
punkt4: 124.95999999999998, 56.63
punkt5: 76.0, 103.0
