punkt0: 69.43999999999996, 43.920000000000016
punkt1: 99.23999999999995, 20.159999999999997
punkt2: 110.91999999999996, 54.400000000000034
punkt3: 155.27999999999997, 39.31999999999999
punkt4: 150.87999999999988, 73.63999999999999
punkt5: 76.0, 103.0
