punkt0: 10.400000000000007, 69.59999999999988
punkt1: 23.49999999999998, 37.50000000000004
punkt2: 49.39999999999997, 50.89999999999999
punkt3: 73.09999999999997, 33.89999999999995
punkt4: 94.60000000000014, 55.70000000000006
punkt5: 63.199999999999974, 109.5000000000001
