punkt0: 4.400000000000002, 70.59999999999994
punkt1: 20.99999999999998, 30.000000000000043
punkt2: 48.39999999999999, 47.39999999999998
punkt3: 71.59999999999991, 25.4
punkt4: 100.60000000000005, 55.20000000000003
punkt5: 65.20000000000002, 117.00000000000003
