punkt0: 93.8000000000001, 72.75
punkt1: 119.15000000000006, 69.05000000000011
punkt2: 107.55, 92.60000000000011
punkt3: 138.8, 95.14999999999989
punkt4: 126.60000000000018, 112.90000000000015
punkt5: 76.0, 103.0
