punkt0: 56.72999999999999, 47.64000000000004
punkt1: 80.32999999999997, 20.46999999999999
punkt2: 99.13999999999987, 51.300000000000075
punkt3: 134.50999999999996, 32.19000000000002
punkt4: 140.9599999999997, 67.12999999999997
punkt5: 76.0, 103.0
