punkt0: 82.28000000000002, 83.76
punkt1: 98.0, 83.0
punkt2: 90.89999999999999, 97.63999999999999
punkt3: 110.0, 101.0
punkt4: 105.0, 112.0
punkt5: 75.25, 103.12000000000002
