punkt0: 9.590000000000002, 67.08999999999996
punkt1: 26.440000000000026, 25.62000000000003
punkt2: 55.13000000000005, 46.0
punkt3: 77.44000000000003, 21.54000000000001
punkt4: 107.82999999999993, 55.229999999999954
punkt5: 68.2999999999999, 116.08999999999996
