punkt0: 12.32000000000001, 69.27999999999994
punkt1: 24.29999999999999, 39.90000000000002
punkt2: 49.71999999999996, 52.019999999999996
punkt3: 73.57999999999998, 36.619999999999976
punkt4: 92.68000000000006, 55.86000000000003
punkt5: 62.55999999999999, 107.10000000000008
