punkt0: 13.040000000000006, 69.15999999999997
punkt1: 24.599999999999994, 40.80000000000001
punkt2: 49.839999999999975, 52.44
punkt3: 73.75999999999999, 37.639999999999986
punkt4: 91.96000000000004, 55.920000000000016
punkt5: 62.31999999999999, 106.20000000000005
