punkt0: 58.779999999999994, 47.04000000000004
punkt1: 83.37999999999997, 20.41999999999999
punkt2: 101.03999999999989, 51.80000000000008
punkt3: 137.85999999999993, 33.34
punkt4: 142.5599999999997, 68.17999999999996
punkt5: 76.0, 103.0
