punkt0: 41.14999999999999, 52.20000000000004
punkt1: 57.14999999999999, 20.849999999999984
punkt2: 84.69999999999993, 47.50000000000002
punkt3: 109.05000000000003, 23.450000000000006
punkt4: 128.79999999999995, 59.15000000000001
punkt5: 76.0, 103.0
