punkt0: 82.52000000000001, 83.84
punkt1: 98.0, 83.0
punkt2: 90.6, 97.75999999999999
punkt3: 110.0, 101.0
punkt4: 105.0, 112.0
punkt5: 75.5, 103.08000000000001
