punkt0: 106.04000000000002, 60.0
punkt1: 143.12, 53.24000000000001
punkt2: 127.44000000000003, 86.48000000000002
punkt3: 171.44000000000005, 88.51999999999998
punkt4: 151.08000000000004, 113.92000000000002
punkt5: 76.0, 103.0
