punkt0: 75.08000000000014, 81.36000000000006
punkt1: 98.0, 83.0
punkt2: 99.8999999999999, 94.03999999999985
punkt3: 110.0, 101.0
punkt4: 105.0, 112.0
punkt5: 67.75, 104.32000000000005
